problem7
*********** generating gradients please wait ***********


*********************  Running fminsdp  ********************** 

Calling NLP-solver fmincon for problem with no matrix inequality constraints.

 Iter  Func-count            Fval   Feasibility   Step Length       Norm of   First-order  
                                                                       step    optimality
    0           1   -1.807259e+01     4.371e-03     1.000e+00     0.000e+00     1.667e+00  
    1           3   -1.838178e+01     8.896e-03     1.000e+00     5.560e-01     1.451e+00  
    2           5   -1.976966e+01     9.132e-02     1.000e+00     2.637e+00     9.193e-01  
    3           7   -2.025039e+01     1.643e-01     1.000e+00     2.129e+00     2.304e+00  
    4           9   -1.994245e+01     5.130e-04     1.000e+00     3.541e-01     9.028e-01  
    5          11   -1.996958e+01     4.743e-04     1.000e+00     2.751e-01     4.349e-01  
    6          13   -2.009747e+01     1.029e-02     1.000e+00     1.337e+00     6.077e-01  
    7          15   -2.014250e+01     1.499e-02     1.000e+00     1.230e+00     1.010e+00  
    8          17   -2.021697e+01     1.940e-02     1.000e+00     1.313e+00     1.226e+00  
    9          19   -2.027782e+01     1.607e-03     1.000e+00     4.898e-01     1.588e+00  
   10          21   -2.039733e+01     4.001e-03     1.000e+00     1.113e+00     3.844e-01  
   11          23   -2.042512e+01     8.244e-03     1.000e+00     9.109e-01     4.999e-01  
   12          25   -2.058654e+01     8.440e-02     1.000e+00     2.375e+00     1.303e+00  
   13          27   -2.059588e+01     7.655e-03     1.000e+00     8.562e-01     1.029e+00  
   14          29   -2.066977e+01     5.951e-03     1.000e+00     8.024e-01     4.599e-01  
   15          31   -2.066930e+01     2.780e-03     1.000e+00     5.978e-01     1.888e-01  
   16          33   -2.071656e+01     8.617e-03     1.000e+00     1.168e+00     4.964e-01  
   17          35   -2.072882e+01     1.617e-03     1.000e+00     3.382e-01     6.068e-01  
   18          37   -2.073865e+01     1.506e-03     1.000e+00     2.915e-01     1.344e-01  
   19          39   -2.073576e+01     1.912e-04     1.000e+00     9.654e-02     1.046e-01  
   20          41   -2.074957e+01     4.096e-03     1.000e+00     5.970e-01     2.139e-01  
   21          43   -2.076194e+01     7.456e-04     1.000e+00     7.743e-01     5.061e-01  
   22          45   -2.083507e+01     8.646e-03     1.000e+00     3.592e+00     1.018e+00  
   23          47   -2.082850e+01     2.164e-03     1.000e+00     2.047e-01     1.092e+00  
   24          49   -2.083834e+01     3.169e-03     1.000e+00     2.862e-01     1.070e-01  
   25          51   -2.083481e+01     1.388e-04     1.000e+00     7.519e-02     7.183e-02  
   26          53   -2.084627e+01     3.343e-03     1.000e+00     4.512e-01     1.227e-01  
   27          55   -2.085190e+01     1.920e-03     1.000e+00     5.238e-01     1.582e-01  
   28          57   -2.085755e+01     6.881e-04     1.000e+00     5.042e-01     1.952e-01  
   29          59   -2.086205e+01     2.929e-04     1.000e+00     1.865e-01     2.865e-01  
 Iter  Func-count            Fval   Feasibility   Step Length       Norm of   First-order  
                                                                       step    optimality
   30          61   -2.087427e+01     3.429e-03     1.000e+00     5.116e-01     1.984e-01  
   31          63   -2.088011e+01     2.547e-03     1.000e+00     6.021e-01     3.860e-01  
   32          65   -2.090182e+01     8.641e-03     1.000e+00     1.574e+00     6.192e-01  
   33          67   -2.091830e+01     5.731e-03     1.000e+00     1.745e+00     9.186e-01  
   34          69   -2.093076e+01     4.555e-03     1.000e+00     1.318e+00     9.469e-01  
   35          71   -2.093776e+01     6.069e-03     1.000e+00     7.074e-01     6.037e-01  
   36          73   -2.094352e+01     4.954e-03     1.000e+00     3.736e-01     3.013e-01  
   37          75   -2.094832e+01     6.773e-04     1.000e+00     1.527e-01     1.935e-01  
   38          77   -2.097048e+01     9.441e-03     1.000e+00     5.717e-01     2.880e-01  
   39          79   -2.096633e+01     1.678e-03     1.000e+00     2.518e-01     2.148e-01  
   40          81   -2.097353e+01     4.424e-03     1.000e+00     4.441e-01     2.062e-01  
   41          83   -2.097887e+01     5.291e-03     1.000e+00     5.351e-01     3.045e-01  
   42          85   -2.098854e+01     7.870e-03     1.000e+00     7.443e-01     5.218e-01  
   43          87   -2.099713e+01     1.054e-03     1.000e+00     3.889e-01     4.188e-01  
   44          89   -2.100870e+01     2.317e-03     1.000e+00     7.344e-01     2.305e-01  
   45          91   -2.101063e+01     5.680e-04     1.000e+00     4.667e-01     2.599e-01  
   46          93   -2.103237e+01     7.819e-03     1.000e+00     1.772e+00     5.572e-01  
   47          95   -2.104130e+01     1.890e-03     1.000e+00     7.633e-01     7.559e-01  
   48          97   -2.106935e+01     5.863e-03     1.000e+00     4.571e-01     7.488e-01  
   49          99   -2.107067e+01     1.829e-03     1.000e+00     4.682e-01     2.695e-01  
   50         101   -2.107541e+01     6.050e-04     1.000e+00     6.212e-01     1.769e-01  
   51         103   -2.109108e+01     3.179e-03     1.000e+00     1.414e+00     2.809e-01  
   52         105   -2.110872e+01     5.986e-03     1.000e+00     1.978e+00     4.558e-01  
   53         107   -2.111301e+01     1.551e-03     1.000e+00     1.005e+00     2.878e-01  
   54         109   -2.111620e+01     1.389e-03     1.000e+00     3.672e-01     2.873e-01  
   55         111   -2.112091e+01     7.865e-04     1.000e+00     3.124e-01     3.502e-01  
   56         113   -2.113269e+01     1.481e-03     1.000e+00     6.912e-01     4.862e-01  
   57         115   -2.114514e+01     2.232e-03     1.000e+00     9.002e-01     2.890e-01  
   58         117   -2.115349e+01     1.910e-03     1.000e+00     3.866e-01     4.684e-01  
   59         119   -2.115482e+01     7.028e-04     1.000e+00     2.537e-01     3.220e-01  
 Iter  Func-count            Fval   Feasibility   Step Length       Norm of   First-order  
                                                                       step    optimality
   60         121   -2.115681e+01     4.320e-04     1.000e+00     2.108e-01     2.480e-01  
   61         123   -2.116362e+01     1.160e-03     1.000e+00     3.948e-01     4.008e-01  
   62         125   -2.116731e+01     4.940e-04     1.000e+00     2.347e-01     4.630e-01  
   63         127   -2.117574e+01     1.352e-03     1.000e+00     4.503e-01     3.668e-01  
   64         129   -2.117589e+01     3.365e-04     1.000e+00     2.953e-01     3.720e-01  
   65         131   -2.118240e+01     7.724e-04     1.000e+00     6.189e-01     6.858e-01  
   66         133   -2.119155e+01     1.299e-03     1.000e+00     9.586e-01     9.093e-01  
   67         135   -2.120240e+01     1.342e-03     1.000e+00     1.206e+00     1.004e+00  
   68         137   -2.121450e+01     1.730e-03     1.000e+00     1.342e+00     9.084e-01  
   69         139   -2.122311e+01     1.645e-03     1.000e+00     1.087e+00     5.705e-01  
   70         141   -2.122930e+01     1.707e-03     1.000e+00     4.725e-01     4.799e-01  
   71         143   -2.123895e+01     3.789e-03     1.000e+00     6.164e-01     6.948e-01  
   72         145   -2.124462e+01     2.282e-03     1.000e+00     4.352e-01     9.583e-01  
   73         147   -2.124967e+01     1.347e-03     1.000e+00     3.200e-01     8.174e-01  
   74         149   -2.125061e+01     3.823e-04     1.000e+00     2.544e-01     3.886e-01  
   75         151   -2.125200e+01     2.124e-04     1.000e+00     2.576e-01     5.449e-02  
   76         153   -2.125431e+01     2.308e-04     1.000e+00     3.224e-01     1.431e-01  
   77         155   -2.125793e+01     7.075e-04     1.000e+00     4.682e-01     3.376e-01  
   78         157   -2.126155e+01     1.278e-03     1.000e+00     5.259e-01     1.669e-01  
   79         159   -2.126431e+01     1.059e-03     1.000e+00     4.509e-01     1.293e-01  
   80         161   -2.126706e+01     9.636e-04     1.000e+00     4.090e-01     3.456e-01  
   81         163   -2.127208e+01     1.724e-03     1.000e+00     6.166e-01     6.342e-01  
   82         165   -2.128079e+01     2.352e-03     1.000e+00     8.981e-01     9.603e-01  
   83         167   -2.129500e+01     5.561e-03     1.000e+00     1.531e+00     1.265e+00  
   84         169   -2.130638e+01     7.854e-03     1.000e+00     1.519e+00     1.331e+00  
   85         171   -2.131535e+01     5.001e-03     1.000e+00     1.169e+00     9.241e-01  
   86         173   -2.132402e+01     2.532e-03     1.000e+00     1.001e+00     5.248e-01  
   87         175   -2.133839e+01     5.448e-03     1.000e+00     1.497e+00     5.640e-01  
   88         177   -2.135089e+01     3.462e-03     1.000e+00     6.447e-01     8.803e-01  
   89         179   -2.136787e+01     6.813e-03     1.000e+00     9.006e-01     4.928e-01  
 Iter  Func-count            Fval   Feasibility   Step Length       Norm of   First-order  
                                                                       step    optimality
   90         181   -2.137636e+01     5.566e-03     1.000e+00     1.138e+00     6.635e-01  
   91         183   -2.140302e+01     2.216e-02     1.000e+00     2.570e+00     7.531e-01  
   92         185   -2.141467e+01     2.008e-03     1.000e+00     5.860e-01     1.055e+00  
   93         187   -2.144010e+01     8.401e-03     1.000e+00     7.299e-01     4.161e-01  
   94         189   -2.143761e+01     8.036e-04     1.000e+00     4.142e-01     2.717e-01  
   95         191   -2.145447e+01     3.034e-03     1.000e+00     9.863e-01     3.636e-01  
   96         193   -2.145995e+01     7.142e-04     1.000e+00     2.783e-01     1.121e+00  
   97         195   -2.147651e+01     2.663e-03     1.000e+00     7.926e-01     3.323e-01  
   98         197   -2.148935e+01     3.065e-03     1.000e+00     8.957e-01     4.906e-01  
   99         199   -2.149427e+01     9.239e-04     1.000e+00     4.029e-01     5.228e-01  
  100         201   -2.150656e+01     3.702e-03     1.000e+00     5.346e-01     3.256e-01  
  101         203   -2.151666e+01     8.455e-03     1.000e+00     7.758e-01     4.264e-01  
  102         205   -2.153000e+01     1.500e-02     1.000e+00     9.784e-01     1.183e+00  
  103         207   -2.154171e+01     1.049e-03     1.000e+00     4.431e-01     1.321e+00  
  104         209   -2.155081e+01     2.335e-03     1.000e+00     5.831e-01     6.285e-01  
  105         211   -2.155782e+01     5.318e-03     1.000e+00     7.400e-01     4.154e-01  
  106         213   -2.156631e+01     5.631e-03     1.000e+00     7.033e-01     7.891e-01  
  107         215   -2.158473e+01     1.072e-02     1.000e+00     1.049e+00     9.627e-01  
  108         217   -2.159272e+01     1.977e-03     1.000e+00     3.109e-01     6.202e-01  
  109         219   -2.159320e+01     5.433e-04     1.000e+00     1.137e-01     2.245e-01  
  110         221   -2.159842e+01     2.089e-03     1.000e+00     2.701e-01     2.883e-01  
  111         223   -2.159897e+01     4.738e-04     1.000e+00     1.794e-01     2.930e-01  
  112         225   -2.160774e+01     3.978e-03     1.000e+00     6.462e-01     1.032e+00  
  113         227   -2.162115e+01     1.431e-02     1.000e+00     1.326e+00     1.276e+00  
  114         229   -2.162408e+01     3.694e-03     1.000e+00     8.265e-01     1.133e+00  
  115         231   -2.163168e+01     8.398e-04     1.000e+00     5.485e-01     6.941e-01  
  116         233   -2.164165e+01     4.727e-03     1.000e+00     3.082e-01     4.004e-01  
  117         235   -2.164141e+01     9.336e-04     1.000e+00     1.667e-01     5.567e-01  
  118         237   -2.164914e+01     3.193e-03     1.000e+00     4.916e-01     4.161e-01  
  119         239   -2.164931e+01     5.067e-04     1.000e+00     2.945e-01     4.222e-01  
 Iter  Func-count            Fval   Feasibility   Step Length       Norm of   First-order  
                                                                       step    optimality
  120         241   -2.165298e+01     9.608e-04     1.000e+00     3.876e-01     3.915e-01  
  121         243   -2.165369e+01     6.353e-04     1.000e+00     2.224e-01     2.990e-01  
  122         245   -2.165651e+01     1.744e-03     1.000e+00     3.177e-01     2.405e-01  
  123         247   -2.165924e+01     1.666e-03     1.000e+00     3.420e-01     4.115e-01  
  124         249   -2.166538e+01     3.375e-03     1.000e+00     6.269e-01     7.635e-01  
  125         251   -2.166936e+01     4.964e-04     1.000e+00     3.230e-01     1.001e+00  
  126         253   -2.167538e+01     3.530e-03     1.000e+00     3.576e-01     6.757e-01  
  127         255   -2.167492e+01     9.050e-04     1.000e+00     9.891e-02     2.562e-01  
  128         257   -2.167632e+01     7.616e-04     1.000e+00     1.182e-01     3.059e-01  
  129         259   -2.167677e+01     3.460e-04     1.000e+00     1.034e-01     2.811e-01  
  130         261   -2.167741e+01     2.216e-04     1.000e+00     1.239e-01     2.810e-01  
  131         263   -2.167862e+01     2.533e-04     1.000e+00     2.143e-01     2.747e-01  
  132         265   -2.167953e+01     5.264e-05     1.000e+00     1.165e-01     2.880e-01  
  133         267   -2.168272e+01     4.000e-04     1.000e+00     2.751e-01     2.641e-01  
  134         269   -2.168548e+01     1.337e-03     1.000e+00     4.639e-01     5.488e-01  
  135         271   -2.168785e+01     1.666e-03     1.000e+00     6.253e-01     7.412e-01  
  136         273   -2.169121e+01     1.717e-03     1.000e+00     8.180e-01     1.176e+00  
  137         275   -2.169357e+01     7.567e-04     1.000e+00     2.878e-01     1.174e+00  
  138         277   -2.169591e+01     6.662e-04     1.000e+00     1.843e-01     2.689e-01  
  139         279   -2.169535e+01     9.335e-05     1.000e+00     6.863e-02     1.892e-01  
  140         282   -2.169593e+01     8.304e-06     1.000e+00     1.381e-01     2.051e-01  
  141         284   -2.169612e+01     4.786e-05     1.000e+00     3.727e-02     1.009e-01  
  142         286   -2.169619e+01     1.634e-05     1.000e+00     2.753e-02     8.391e-02  
  143         288   -2.169627e+01     1.584e-05     1.000e+00     3.418e-02     6.649e-02  
  144         290   -2.169645e+01     4.269e-05     1.000e+00     7.258e-02     5.165e-02  
  145         292   -2.169667e+01     9.476e-05     1.000e+00     1.045e-01     8.534e-02  
  146         294   -2.169690e+01     1.438e-04     1.000e+00     1.231e-01     1.331e-01  
  147         296   -2.169712e+01     1.397e-04     1.000e+00     1.171e-01     1.641e-01  
  148         299   -2.169731e+01     2.070e-06     1.000e+00     1.333e-01     2.000e-01  
  149         302   -2.169767e+01     7.031e-06     1.000e+00     1.822e-01     2.521e-01  
 Iter  Func-count            Fval   Feasibility   Step Length       Norm of   First-order  
                                                                       step    optimality
  150         305   -2.169804e+01     7.621e-06     1.000e+00     1.922e-01     2.763e-01  
  151         307   -2.169834e+01     7.773e-05     1.000e+00     6.495e-02     2.606e-01  
  152         309   -2.169841e+01     3.357e-05     1.000e+00     5.180e-02     3.269e-02  
  153         311   -2.169845e+01     1.562e-05     1.000e+00     4.642e-02     3.853e-02  
  154         313   -2.169864e+01     7.199e-05     1.000e+00     1.258e-01     1.245e-01  
  155         315   -2.169886e+01     1.300e-04     1.000e+00     1.864e-01     2.020e-01  
  156         317   -2.169922e+01     2.671e-04     1.000e+00     2.956e-01     2.724e-01  
  157         319   -2.169964e+01     3.515e-04     1.000e+00     3.523e-01     2.909e-01  
  158         321   -2.170029e+01     9.042e-04     1.000e+00     4.482e-01     2.899e-01  
  159         323   -2.170107e+01     9.209e-04     1.000e+00     3.862e-01     2.775e-01  
  160         325   -2.170196e+01     6.277e-04     1.000e+00     2.171e-01     1.776e-01  
  161         327   -2.170245e+01     3.926e-04     1.000e+00     1.718e-01     2.480e-01  
  162         329   -2.170284e+01     1.442e-04     1.000e+00     1.233e-01     2.623e-01  
  163         331   -2.170301e+01     6.425e-05     1.000e+00     8.793e-02     1.378e-01  
  164         333   -2.170327e+01     6.177e-05     1.000e+00     1.161e-01     1.567e-01  
  165         335   -2.170336e+01     4.745e-05     1.000e+00     5.858e-02     9.523e-02  
  166         337   -2.170348e+01     4.138e-05     1.000e+00     5.486e-02     8.119e-02  
  167         339   -2.170354e+01     5.567e-06     1.000e+00     3.300e-02     1.051e-01  
  168         341   -2.170376e+01     4.442e-05     1.000e+00     9.625e-02     9.930e-02  
  169         343   -2.170394e+01     1.008e-04     1.000e+00     1.264e-01     1.588e-01  
  170         345   -2.170431e+01     3.444e-04     1.000e+00     2.362e-01     2.167e-01  
  171         347   -2.170461e+01     2.272e-04     1.000e+00     2.438e-01     2.006e-01  
  172         349   -2.170503e+01     3.725e-04     1.000e+00     3.021e-01     2.929e-01  
  173         351   -2.170541e+01     1.951e-04     1.000e+00     2.619e-01     1.961e-01  
  174         353   -2.170624e+01     4.987e-04     1.000e+00     2.797e-01     2.940e-01  
  175         355   -2.170699e+01     7.707e-04     1.000e+00     3.545e-01     3.070e-01  
  176         357   -2.170772e+01     7.778e-04     1.000e+00     4.002e-01     4.324e-01  
  177         359   -2.170815e+01     9.987e-05     1.000e+00     1.951e-01     3.965e-01  
  178         361   -2.170867e+01     3.220e-04     1.000e+00     3.281e-01     1.049e-01  
  179         363   -2.170881e+01     2.085e-04     1.000e+00     2.653e-01     1.181e-01  
 Iter  Func-count            Fval   Feasibility   Step Length       Norm of   First-order  
                                                                       step    optimality
  180         365   -2.171002e+01     2.011e-03     1.000e+00     8.549e-01     3.613e-01  
  181         367   -2.171175e+01     5.317e-03     1.000e+00     1.444e+00     7.016e-01  
  182         369   -2.171329e+01     5.076e-04     1.000e+00     6.865e-01     1.238e+00  
  183         371   -2.171702e+01     7.806e-04     1.000e+00     3.911e-01     4.505e-01  
  184         373   -2.171655e+01     7.799e-05     1.000e+00     1.359e-01     2.054e-01  
  185         375   -2.171787e+01     1.665e-04     1.000e+00     2.404e-01     6.323e-01  
  186         377   -2.171891e+01     5.111e-04     1.000e+00     2.891e-01     7.939e-01  
  187         379   -2.171928e+01     3.467e-04     1.000e+00     1.856e-01     4.934e-01  
  188         381   -2.171934e+01     1.528e-04     1.000e+00     8.029e-02     7.864e-02  
  189         383   -2.171936e+01     2.732e-05     1.000e+00     4.774e-02     1.277e-01  
  190         385   -2.171953e+01     2.593e-05     1.000e+00     7.720e-02     1.919e-01  
  191         387   -2.171985e+01     5.331e-05     1.000e+00     1.389e-01     2.069e-01  
  192         389   -2.172049e+01     1.060e-04     1.000e+00     2.635e-01     3.278e-01  
  193         391   -2.172099e+01     6.141e-05     1.000e+00     2.071e-01     3.657e-01  
  194         393   -2.172190e+01     3.306e-04     1.000e+00     3.020e-01     3.000e-01  
  195         395   -2.172169e+01     5.581e-05     1.000e+00     8.600e-02     2.181e-01  
  196         397   -2.172172e+01     2.631e-05     1.000e+00     5.664e-02     6.485e-02  
  197         399   -2.172174e+01     1.080e-05     1.000e+00     3.542e-02     3.015e-02  
  198         401   -2.172179e+01     2.575e-05     1.000e+00     4.935e-02     3.764e-02  
  199         403   -2.172186e+01     4.018e-05     1.000e+00     8.202e-02     4.821e-02  
  200         405   -2.172191e+01     3.025e-05     1.000e+00     8.327e-02     6.551e-02  
  201         407   -2.172197e+01     3.353e-05     1.000e+00     8.483e-02     6.345e-02  
  202         409   -2.172203e+01     2.933e-05     1.000e+00     7.714e-02     7.687e-02  
  203         411   -2.172216e+01     7.609e-05     1.000e+00     1.354e-01     1.145e-01  
  204         413   -2.172232e+01     1.099e-04     1.000e+00     1.847e-01     1.602e-01  
  205         415   -2.172249e+01     1.117e-04     1.000e+00     2.059e-01     1.731e-01  
  206         417   -2.172256e+01     3.492e-05     1.000e+00     1.261e-01     1.307e-01  
  207         419   -2.172259e+01     1.591e-05     1.000e+00     5.380e-02     6.911e-02  
  208         421   -2.172262e+01     1.375e-05     1.000e+00     4.303e-02     6.126e-02  
  209         423   -2.172270e+01     1.876e-05     1.000e+00     7.275e-02     1.565e-01  
 Iter  Func-count            Fval   Feasibility   Step Length       Norm of   First-order  
                                                                       step    optimality
  210         425   -2.172286e+01     5.998e-05     1.000e+00     1.368e-01     2.804e-01  
  211         427   -2.172308e+01     1.270e-04     1.000e+00     2.230e-01     3.461e-01  
  212         429   -2.172326e+01     7.750e-05     1.000e+00     2.250e-01     2.708e-01  
  213         431   -2.172339e+01     4.714e-05     1.000e+00     1.937e-01     1.714e-01  
  214         433   -2.172342e+01     2.472e-05     1.000e+00     7.429e-02     9.412e-02  
  215         435   -2.172349e+01     1.780e-05     1.000e+00     6.250e-02     1.267e-01  
  216         437   -2.172358e+01     4.028e-05     1.000e+00     1.142e-01     2.121e-01  
  217         439   -2.172371e+01     1.281e-04     1.000e+00     1.918e-01     2.108e-01  
  218         441   -2.172386e+01     2.695e-04     1.000e+00     2.439e-01     1.507e-01  
  219         443   -2.172400e+01     3.738e-04     1.000e+00     2.510e-01     1.776e-01  
  220         445   -2.172415e+01     5.158e-04     1.000e+00     2.764e-01     2.143e-01  
  221         447   -2.172437e+01     8.913e-04     1.000e+00     3.838e-01     2.959e-01  
  222         449   -2.172454e+01     5.712e-04     1.000e+00     3.635e-01     2.811e-01  
  223         451   -2.172461e+01     7.350e-05     1.000e+00     2.223e-01     1.404e-01  
  224         453   -2.172468e+01     2.435e-05     1.000e+00     1.473e-01     1.112e-01  
  225         455   -2.172476e+01     4.745e-05     1.000e+00     1.593e-01     1.567e-01  
  226         457   -2.172482e+01     2.957e-05     1.000e+00     1.215e-01     1.484e-01  
  227         459   -2.172492e+01     1.812e-05     1.000e+00     1.436e-01     1.440e-01  
  228         461   -2.172507e+01     2.113e-05     1.000e+00     2.188e-01     1.825e-01  
  229         463   -2.172524e+01     6.671e-05     1.000e+00     2.699e-01     2.534e-01  
  230         465   -2.172530e+01     5.449e-05     1.000e+00     2.001e-01     1.816e-01  
  231         467   -2.172531e+01     1.107e-05     1.000e+00     9.275e-02     7.567e-02  
  232         469   -2.172532e+01     4.375e-06     1.000e+00     5.718e-02     4.647e-02  
  233         471   -2.172538e+01     1.312e-05     1.000e+00     7.343e-02     7.779e-02  
  234         473   -2.172550e+01     4.301e-05     1.000e+00     1.220e-01     1.384e-01  
  235         475   -2.172581e+01     3.230e-04     1.000e+00     3.334e-01     2.216e-01  
  236         478   -2.172607e+01     2.432e-04     1.000e+00     7.494e-01     2.250e-01  
  237         481   -2.172630e+01     5.705e-05     1.000e+00     4.882e-01     2.296e-01  
  238         483   -2.172656e+01     3.036e-04     1.000e+00     2.978e-01     2.247e-01  
  239         485   -2.172652e+01     2.220e-05     1.000e+00     5.633e-02     1.027e-01  
 Iter  Func-count            Fval   Feasibility   Step Length       Norm of   First-order  
                                                                       step    optimality
  240         487   -2.172658e+01     5.413e-05     1.000e+00     1.034e-01     7.676e-02  
  241         489   -2.172662e+01     5.173e-05     1.000e+00     9.569e-02     4.888e-02  
  242         491   -2.172668e+01     1.620e-05     1.000e+00     7.995e-02     5.409e-02  
  243         493   -2.172671e+01     1.312e-05     1.000e+00     7.875e-02     6.009e-02  
  244         495   -2.172676e+01     2.414e-05     1.000e+00     1.281e-01     9.240e-02  
  245         497   -2.172686e+01     1.441e-04     1.000e+00     2.473e-01     1.255e-01  
  246         499   -2.172706e+01     3.917e-04     1.000e+00     3.629e-01     1.565e-01  
  247         501   -2.172767e+01     1.516e-03     1.000e+00     8.054e-01     2.768e-01  
  248         503   -2.172793e+01     1.758e-03     1.000e+00     6.103e-01     2.211e-01  
  249         505   -2.172824e+01     2.416e-04     1.000e+00     3.325e-01     5.208e-01  
  250         507   -2.172844e+01     4.475e-04     1.000e+00     2.958e-01     3.830e-01  
  251         509   -2.172850e+01     4.358e-04     1.000e+00     2.957e-01     2.071e-01  
  252         511   -2.172850e+01     1.123e-04     1.000e+00     1.363e-01     6.504e-02  
  253         513   -2.172852e+01     3.589e-05     1.000e+00     6.452e-02     9.660e-02  
  254         515   -2.172856e+01     3.964e-05     1.000e+00     6.428e-02     1.601e-01  
  255         517   -2.172868e+01     9.451e-05     1.000e+00     1.235e-01     2.629e-01  
  256         519   -2.172895e+01     2.624e-04     1.000e+00     2.858e-01     3.966e-01  
  257         521   -2.172953e+01     7.303e-04     1.000e+00     6.517e-01     5.189e-01  
  258         523   -2.173009e+01     1.901e-03     1.000e+00     7.345e-01     5.416e-01  
  259         525   -2.173170e+01     5.865e-03     1.000e+00     1.386e+00     7.795e-01  
  260         527   -2.173246e+01     3.582e-04     1.000e+00     2.470e-01     9.614e-01  
  261         529   -2.173282e+01     4.916e-04     1.000e+00     3.140e-01     5.204e-01  
  262         531   -2.173321e+01     1.337e-03     1.000e+00     4.279e-01     5.044e-01  
  263         533   -2.173346e+01     3.023e-04     1.000e+00     2.460e-01     5.348e-01  
  264         535   -2.173403e+01     5.917e-04     1.000e+00     2.963e-01     6.944e-01  
  265         537   -2.173527e+01     1.824e-03     1.000e+00     5.028e-01     8.392e-01  
  266         539   -2.173843e+01     1.323e-02     1.000e+00     1.189e+00     1.367e+00  
  267         541   -2.174090e+01     4.692e-03     1.000e+00     9.296e-01     1.800e+00  
  268         543   -2.174464e+01     1.958e-03     1.000e+00     1.036e+00     1.166e+00  
  269         545   -2.174525e+01     2.837e-03     1.000e+00     5.801e-01     4.605e-01  
 Iter  Func-count            Fval   Feasibility   Step Length       Norm of   First-order  
                                                                       step    optimality
  270         547   -2.174496e+01     3.743e-04     1.000e+00     2.664e-01     3.289e-01  
  271         549   -2.174452e+01     3.243e-05     1.000e+00     8.169e-02     4.542e-01  
  272         552   -2.174546e+01     3.258e-05     1.000e+00     4.227e-01     2.538e-01  
  273         555   -2.174626e+01     3.284e-05     1.000e+00     4.202e-01     2.967e-01  
  274         558   -2.174760e+01     2.825e-04     1.000e+00     7.668e-01     4.848e-01  
  275         561   -2.174872e+01     2.369e-05     1.000e+00     4.431e-01     4.143e-01  
  276         564   -2.175029e+01     4.729e-04     1.000e+00     1.145e+00     4.093e-01  
  277         566   -2.175077e+01     8.218e-05     1.000e+00     1.816e-01     5.032e-01  
  278         568   -2.175229e+01     2.698e-04     1.000e+00     4.323e-01     4.382e-01  
  279         570   -2.175327e+01     6.389e-04     1.000e+00     4.874e-01     3.752e-01  
  280         573   -2.175416e+01     1.428e-04     1.000e+00     8.333e-01     3.465e-01  
  281         575   -2.175536e+01     3.167e-04     1.000e+00     3.123e-01     4.515e-01  
  282         578   -2.176176e+01     8.300e-04     1.000e+00     2.083e+00     6.824e-01  
  283         581   -2.176551e+01     3.498e-04     1.000e+00     1.083e+00     5.937e-01  
  284         584   -2.176701e+01     2.475e-04     1.000e+00     1.130e+00     5.213e-01  
  285         587   -2.176736e+01     2.358e-05     1.000e+00     4.071e-01     3.421e-01  
  286         590   -2.176751e+01     3.048e-06     1.000e+00     1.735e-01     1.990e-01  
  287         593   -2.176762e+01     2.976e-06     1.000e+00     8.006e-02     1.009e-01  
  288         596   -2.176778e+01     4.288e-06     1.000e+00     1.355e-01     1.207e-01  
  289         599   -2.176798e+01     1.125e-05     1.000e+00     2.375e-01     2.441e-01  
  290         602   -2.176823e+01     1.997e-05     1.000e+00     3.405e-01     4.324e-01  
  291         605   -2.176850e+01     2.293e-05     1.000e+00     4.041e-01     3.872e-01  
  292         608   -2.176875e+01     3.401e-06     1.000e+00     2.989e-01     2.414e-01  
  293         611   -2.176896e+01     1.984e-06     1.000e+00     2.886e-01     7.227e-02  
  294         613   -2.176908e+01     2.340e-05     1.000e+00     1.494e-01     7.610e-02  
  295         616   -2.176914e+01     1.796e-06     1.000e+00     1.678e-01     8.804e-02  
  296         619   -2.176920e+01     9.401e-07     1.000e+00     1.069e-01     1.173e-01  
  297         622   -2.176926e+01     1.591e-06     1.000e+00     1.131e-01     4.322e-02  
  298         625   -2.176935e+01     2.792e-06     1.000e+00     1.791e-01     1.013e-01  
  299         628   -2.176953e+01     2.537e-05     1.000e+00     4.165e-01     1.733e-01  
 Iter  Func-count            Fval   Feasibility   Step Length       Norm of   First-order  
                                                                       step    optimality
  300         631   -2.176981e+01     1.243e-04     1.000e+00     7.339e-01     2.342e-01  
  301         634   -2.177011e+01     1.181e-05     1.000e+00     5.466e-01     3.793e-01  
  302         637   -2.177038e+01     7.816e-07     1.000e+00     1.663e-01     3.891e-01  
  303         640   -2.177068e+01     5.477e-06     1.000e+00     1.742e-01     1.826e-01  
  304         642   -2.177097e+01     8.739e-05     1.000e+00     1.306e-01     2.424e-01  
  305         645   -2.177149e+01     1.507e-05     1.000e+00     2.817e-01     1.043e-01  
  306         648   -2.177190e+01     1.424e-05     1.000e+00     4.159e-01     2.547e-01  
  307         651   -2.177221e+01     1.765e-05     1.000e+00     4.873e-01     1.586e-01  
  308         654   -2.177244e+01     4.776e-06     1.000e+00     3.183e-01     2.791e-01  
  309         657   -2.177277e+01     2.132e-05     1.000e+00     5.656e-01     3.753e-01  
  310         660   -2.177308e+01     9.398e-05     1.000e+00     6.774e-01     4.347e-01  
  311         663   -2.177326e+01     2.203e-05     1.000e+00     4.039e-01     3.526e-01  
  312         666   -2.177339e+01     5.827e-06     1.000e+00     3.749e-01     2.320e-01  
  313         669   -2.177350e+01     4.082e-06     1.000e+00     5.007e-01     1.796e-01  
  314         672   -2.177355e+01     4.907e-07     1.000e+00     1.079e-01     1.070e-01  
  315         675   -2.177361e+01     1.983e-06     1.000e+00     1.675e-01     4.788e-02  
  316         678   -2.177364e+01     2.473e-07     1.000e+00     6.607e-02     1.077e-01  
  317         681   -2.177370e+01     1.093e-06     1.000e+00     7.893e-02     7.790e-02  
  318         683   -2.177378e+01     2.295e-05     1.000e+00     8.479e-02     7.923e-02  
  319         686   -2.177389e+01     1.744e-06     1.000e+00     2.634e-01     7.437e-02  
  320         689   -2.177399e+01     2.606e-06     1.000e+00     2.922e-01     9.957e-02  
  321         692   -2.177408e+01     3.335e-06     1.000e+00     2.613e-01     1.111e-01  
  322         695   -2.177411e+01     1.422e-07     1.000e+00     7.815e-02     7.549e-02  
  323         697   -2.177413e+01     1.132e-05     1.000e+00     5.319e-02     3.510e-02  
  324         699   -2.177414e+01     1.745e-05     1.000e+00     5.866e-02     3.864e-02  
  325         702   -2.177419e+01     5.445e-07     1.000e+00     1.566e-01     9.302e-02  
  326         705   -2.177427e+01     5.765e-07     1.000e+00     2.187e-01     1.453e-01  
  327         708   -2.177432e+01     4.033e-07     1.000e+00     7.694e-02     1.304e-01  
  328         711   -2.177439e+01     4.926e-07     1.000e+00     1.640e-01     1.120e-01  
  329         714   -2.177448e+01     3.763e-07     1.000e+00     1.990e-01     1.055e-01  
 Iter  Func-count            Fval   Feasibility   Step Length       Norm of   First-order  
                                                                       step    optimality
  330         717   -2.177452e+01     9.166e-07     1.000e+00     1.514e-01     6.496e-02  
  331         720   -2.177456e+01     1.836e-06     1.000e+00     1.258e-01     4.514e-02  
  332         723   -2.177458e+01     5.547e-08     1.000e+00     4.149e-02     5.226e-02  
  333         726   -2.177461e+01     3.345e-08     1.000e+00     6.400e-02     6.195e-02  
  334         729   -2.177467e+01     1.323e-07     1.000e+00     1.171e-01     1.259e-01  
  335         732   -2.177486e+01     2.344e-06     1.000e+00     3.561e-01     2.442e-01  
  336         735   -2.177522e+01     5.421e-06     1.000e+00     4.471e-01     3.306e-01  
  337         738   -2.177556e+01     1.168e-05     1.000e+00     2.828e-01     3.445e-01  
  338         741   -2.177586e+01     2.446e-05     1.000e+00     4.414e-01     1.633e-01  
  339         743   -2.177592e+01     4.127e-05     1.000e+00     6.965e-02     2.461e-01  
  340         746   -2.177603e+01     6.557e-06     1.000e+00     1.794e-01     2.463e-01  
  341         749   -2.177617e+01     3.859e-06     1.000e+00     1.848e-01     3.086e-01  
  342         752   -2.177653e+01     3.506e-05     1.000e+00     4.206e-01     4.629e-01  
  343         755   -2.177695e+01     1.120e-05     1.000e+00     2.472e-01     5.174e-01  
  344         758   -2.177746e+01     9.396e-05     1.000e+00     6.000e-01     3.500e-01  
  345         761   -2.177751e+01     1.548e-06     1.000e+00     1.722e-01     1.507e-01  
  346         764   -2.177759e+01     1.024e-06     1.000e+00     1.070e-01     1.073e-01  
  347         767   -2.177766e+01     2.003e-06     1.000e+00     1.431e-01     1.464e-01  
  348         770   -2.177780e+01     3.224e-06     1.000e+00     2.359e-01     2.469e-01  
  349         773   -2.177810e+01     8.594e-06     1.000e+00     3.096e-01     4.330e-01  
  350         776   -2.177880e+01     1.402e-05     1.000e+00     5.664e-01     7.469e-01  
  351         779   -2.177909e+01     3.056e-06     1.000e+00     1.758e-01     7.934e-01  
  352         782   -2.177945e+01     4.455e-05     1.000e+00     4.612e-01     2.109e-01  
  353         784   -2.177948e+01     1.746e-05     1.000e+00     4.652e-02     8.609e-02  
  354         787   -2.177952e+01     4.873e-07     1.000e+00     7.945e-02     9.718e-02  
  355         790   -2.177957e+01     7.631e-07     1.000e+00     7.044e-02     1.555e-01  
  356         793   -2.177963e+01     1.092e-06     1.000e+00     1.207e-01     2.184e-01  
  357         796   -2.177966e+01     1.273e-06     1.000e+00     1.093e-01     1.876e-01  
  358         799   -2.177969e+01     3.314e-06     1.000e+00     1.289e-01     7.884e-02  
  359         802   -2.177969e+01     1.575e-07     1.000e+00     4.706e-02     3.892e-02  
 Iter  Func-count            Fval   Feasibility   Step Length       Norm of   First-order  
                                                                       step    optimality
  360         805   -2.177971e+01     4.169e-07     1.000e+00     6.510e-02     5.578e-02  
  361         808   -2.177974e+01     1.868e-06     1.000e+00     1.071e-01     1.035e-01  
  362         811   -2.177979e+01     4.974e-06     1.000e+00     1.550e-01     1.684e-01  
  363         814   -2.177988e+01     6.517e-06     1.000e+00     2.003e-01     1.976e-01  
  364         817   -2.177998e+01     4.862e-07     1.000e+00     1.825e-01     1.801e-01  
  365         820   -2.178004e+01     1.114e-06     1.000e+00     1.599e-01     1.148e-01  
  366         823   -2.178008e+01     3.388e-07     1.000e+00     1.413e-01     4.790e-02  
  367         826   -2.178012e+01     1.833e-07     1.000e+00     1.389e-01     6.759e-02  
  368         829   -2.178022e+01     1.776e-06     1.000e+00     2.471e-01     1.417e-01  
  369         832   -2.178042e+01     7.543e-06     1.000e+00     4.233e-01     2.378e-01  
  370         835   -2.178077e+01     4.310e-05     1.000e+00     6.799e-01     3.259e-01  
  371         838   -2.178118e+01     8.547e-05     1.000e+00     8.130e-01     3.040e-01  
  372         841   -2.178163e+01     4.998e-05     1.000e+00     8.431e-01     1.960e-01  
  373         844   -2.178228e+01     1.370e-04     1.000e+00     1.195e+00     4.685e-01  
  374         847   -2.178298e+01     2.565e-04     1.000e+00     1.123e+00     6.144e-01  
  375         850   -2.178349e+01     3.482e-05     1.000e+00     6.148e-01     5.607e-01  
  376         853   -2.178407e+01     1.616e-04     1.000e+00     1.074e+00     2.174e-01  
  377         856   -2.178460e+01     2.282e-04     1.000e+00     1.064e+00     2.438e-01  
  378         859   -2.178552e+01     3.192e-04     1.000e+00     1.081e+00     4.770e-01  
  379         862   -2.178591e+01     4.554e-06     1.000e+00     5.236e-01     3.040e-01  
  380         865   -2.178601e+01     3.938e-07     1.000e+00     2.659e-01     2.076e-01  
  381         868   -2.178608e+01     1.815e-06     1.000e+00     2.192e-01     1.304e-01  
  382         871   -2.178618e+01     2.080e-05     1.000e+00     3.575e-01     1.010e-01  
  383         874   -2.178627e+01     5.052e-05     1.000e+00     3.960e-01     1.895e-01  
  384         877   -2.178635e+01     4.075e-06     1.000e+00     2.434e-01     1.264e-01  
  385         880   -2.178641e+01     5.213e-07     1.000e+00     1.923e-01     1.110e-01  
  386         883   -2.178646e+01     1.310e-07     1.000e+00     1.441e-01     1.430e-01  
  387         886   -2.178661e+01     1.276e-06     1.000e+00     4.655e-01     1.597e-01  
  388         888   -2.178687e+01     1.374e-04     1.000e+00     7.070e-01     2.472e-01  
  389         891   -2.178705e+01     6.614e-06     1.000e+00     9.896e-01     2.089e-01  
 Iter  Func-count            Fval   Feasibility   Step Length       Norm of   First-order  
                                                                       step    optimality
  390         894   -2.178718e+01     1.582e-05     1.000e+00     4.304e-01     1.156e-01  
  391         897   -2.178724e+01     1.392e-06     1.000e+00     1.700e-01     7.586e-02  
  392         900   -2.178727e+01     9.531e-08     1.000e+00     1.130e-01     1.256e-01  
  393         903   -2.178731e+01     1.632e-06     1.000e+00     1.526e-01     1.580e-01  
  394         906   -2.178735e+01     2.088e-06     1.000e+00     1.421e-01     1.382e-01  
  395         909   -2.178741e+01     8.697e-07     1.000e+00     2.142e-01     8.516e-02  
  396         912   -2.178747e+01     4.416e-07     1.000e+00     3.299e-01     7.365e-02  
  397         915   -2.178753e+01     6.107e-07     1.000e+00     4.130e-01     7.027e-02  
  398         918   -2.178758e+01     1.794e-06     1.000e+00     2.685e-01     9.833e-02  
  399         920   -2.178764e+01     2.488e-05     1.000e+00     1.041e-01     7.328e-02  
  400         922   -2.178772e+01     2.251e-05     1.000e+00     1.177e-01     8.204e-02  
  401         924   -2.178780e+01     1.100e-04     1.000e+00     1.648e-01     1.050e-01  
  402         927   -2.178788e+01     6.517e-06     1.000e+00     2.092e-01     1.115e-01  
  403         930   -2.178803e+01     1.121e-05     1.000e+00     2.982e-01     1.405e-01  
  404         932   -2.178817e+01     4.333e-05     1.000e+00     2.493e-01     1.080e-01  
  405         935   -2.178816e+01     1.004e-06     1.000e+00     1.639e-01     5.313e-02  
  406         938   -2.178818e+01     1.444e-06     1.000e+00     1.125e-01     3.386e-02  
  407         941   -2.178820e+01     1.878e-06     1.000e+00     1.144e-01     3.744e-02  
  408         944   -2.178823e+01     2.727e-05     1.000e+00     1.682e-01     1.016e-01  
  409         946   -2.178826e+01     6.919e-05     1.000e+00     7.824e-02     1.033e-01  
  410         948   -2.178828e+01     1.358e-04     1.000e+00     1.417e-01     4.430e-02  
  411         950   -2.178827e+01     5.264e-06     1.000e+00     2.603e-02     1.766e-02  
  412         952   -2.178827e+01     2.566e-06     1.000e+00     2.951e-02     4.502e-02  
  413         954   -2.178829e+01     2.371e-05     1.000e+00     5.437e-02     5.230e-02  
  414         957   -2.178832e+01     3.080e-05     1.000e+00     2.047e-01     8.743e-02  
  415         960   -2.178837e+01     7.279e-05     1.000e+00     2.313e-01     1.316e-01  
  416         963   -2.178842e+01     1.016e-05     1.000e+00     2.071e-01     1.489e-01  
  417         965   -2.178853e+01     4.936e-05     1.000e+00     1.884e-01     6.332e-02  
  418         967   -2.178851e+01     3.938e-06     1.000e+00     3.899e-02     7.722e-02  
  419         969   -2.178869e+01     5.532e-05     1.000e+00     2.027e-01     4.016e-02  
 Iter  Func-count            Fval   Feasibility   Step Length       Norm of   First-order  
                                                                       step    optimality
  420         976   -2.178870e+01     2.777e-05     2.401e-01     1.185e-01     3.618e-02  
  421         979   -2.178872e+01     1.270e-05     1.000e+00     3.849e-01     1.183e-01  
  422         983   -2.178874e+01     3.145e-05     7.000e-01     1.388e-01     3.999e-02  
  423         985   -2.178876e+01     4.776e-05     1.000e+00     9.259e-02     1.156e-01  
  424         988   -2.178876e+01     3.003e-05     7.000e-01     2.721e-02     6.041e-02  
  425         991   -2.178879e+01     1.228e-04     1.000e+00     1.947e-01     9.384e-02  
  426         993   -2.178882e+01     4.735e-05     1.000e+00     9.441e-02     1.810e-01  
  427         995   -2.178890e+01     3.317e-04     1.000e+00     1.784e-01     8.123e-02  
  428         997   -2.178900e+01     3.017e-04     1.000e+00     1.911e-01     1.342e-01  
  429         999   -2.178910e+01     4.306e-05     1.000e+00     1.482e-01     1.591e-01  
  430        1001   -2.178913e+01     7.628e-05     1.000e+00     1.129e-01     1.374e-01  
  431        1003   -2.178915e+01     1.971e-04     1.000e+00     1.297e-01     5.439e-02  
  432        1005   -2.178915e+01     1.881e-04     1.000e+00     1.214e-01     3.605e-02  
  433        1007   -2.178915e+01     1.167e-04     1.000e+00     9.125e-02     8.637e-02  
  434        1009   -2.178917e+01     2.977e-04     1.000e+00     1.727e-01     1.204e-01  
  435        1011   -2.178921e+01     6.891e-04     1.000e+00     3.859e-01     1.812e-01  
  436        1013   -2.178930e+01     2.082e-04     1.000e+00     6.759e-01     2.146e-01  
  437        1015   -2.178932e+01     8.448e-05     1.000e+00     7.313e-02     6.694e-02  
  438        1017   -2.178944e+01     1.052e-03     1.000e+00     2.373e-01     7.605e-02  
  439        1019   -2.178941e+01     5.024e-05     1.000e+00     1.277e-01     5.478e-02  
  440        1021   -2.178953e+01     4.152e-04     1.000e+00     6.556e-01     8.910e-02  
  441        1024   -2.179016e+01     5.136e-03     1.000e+00     3.557e+00     1.601e-01  
  442        1026   -2.179059e+01     2.893e-03     1.000e+00     2.135e+00     1.239e-01  
  443        1028   -2.179059e+01     1.974e-05     1.000e+00     6.410e-02     3.646e-02  
  444        1030   -2.179060e+01     2.560e-05     1.000e+00     4.873e-02     3.759e-02  
  445        1032   -2.179060e+01     2.772e-05     1.000e+00     3.881e-02     5.100e-02  
  446        1034   -2.179062e+01     1.136e-04     1.000e+00     1.016e-01     4.837e-02  
  447        1036   -2.179065e+01     1.512e-04     1.000e+00     1.770e-01     7.539e-02  
  448        1038   -2.179075e+01     4.266e-04     1.000e+00     4.786e-01     1.164e-01  
  449        1040   -2.179081e+01     3.084e-04     1.000e+00     2.731e-01     1.322e-01  
 Iter  Func-count            Fval   Feasibility   Step Length       Norm of   First-order  
                                                                       step    optimality
  450        1042   -2.179093e+01     7.084e-04     1.000e+00     3.185e-01     5.341e-02  
  451        1044   -2.179092e+01     2.056e-05     1.000e+00     1.032e-01     5.457e-02  
  452        1046   -2.179100e+01     4.142e-05     1.000e+00     2.179e-01     9.578e-02  
  453        1048   -2.179106e+01     2.820e-05     1.000e+00     3.332e-01     1.593e-01  
  454        1050   -2.179125e+01     3.694e-04     1.000e+00     9.459e-01     1.653e-01  
  455        1052   -2.179157e+01     1.933e-03     1.000e+00     2.060e+00     2.146e-01  
  456        1054   -2.179186e+01     8.922e-04     1.000e+00     1.494e+00     3.076e-01  
  457        1056   -2.179253e+01     4.532e-03     1.000e+00     8.557e-01     4.757e-01  
  458        1058   -2.179239e+01     2.498e-03     1.000e+00     7.107e-01     1.614e-01  
  459        1060   -2.179240e+01     2.314e-04     1.000e+00     1.335e-01     7.897e-02  
  460        1065   -2.179240e+01     2.395e-04     3.430e-01     1.310e-01     5.516e-02  
  461        1068   -2.179239e+01     9.181e-06     1.000e+00     1.486e-01     1.460e-02  
  462        1071   -2.179240e+01     4.580e-05     1.000e+00     4.039e-01     9.555e-03  
  463        1074   -2.179245e+01     5.324e-04     1.000e+00     1.689e+00     3.554e-02  
  464        1076   -2.179247e+01     1.485e-04     1.000e+00     1.030e-01     1.531e-01  
  465        1078   -2.179249e+01     5.800e-04     1.000e+00     1.655e-01     5.542e-02  
  466        1080   -2.179250e+01     3.353e-04     1.000e+00     1.103e-01     3.747e-02  
  467        1082   -2.179251e+01     4.955e-04     1.000e+00     1.482e-01     6.501e-02  
  468        1084   -2.179251e+01     2.947e-04     1.000e+00     1.081e-01     9.741e-02  
  469        1086   -2.179252e+01     8.241e-05     1.000e+00     7.121e-02     9.521e-02  
  470        1088   -2.179252e+01     6.003e-05     1.000e+00     6.082e-02     1.309e-01  
  471        1090   -2.179254e+01     2.127e-04     1.000e+00     1.143e-01     2.081e-01  
  472        1092   -2.179258e+01     2.841e-04     1.000e+00     1.720e-01     2.504e-01  
  473        1094   -2.179263e+01     4.578e-04     1.000e+00     2.397e-01     3.037e-01  
  474        1096   -2.179268e+01     1.732e-04     1.000e+00     2.633e-01     3.127e-01  
  475        1098   -2.179272e+01     3.113e-04     1.000e+00     2.516e-01     2.601e-01  
  476        1100   -2.179274e+01     8.543e-04     1.000e+00     1.895e-01     7.241e-02  
  477        1102   -2.179276e+01     1.657e-03     1.000e+00     2.730e-01     1.039e-01  
  478        1104   -2.179275e+01     5.480e-05     1.000e+00     7.008e-02     1.250e-01  
  479        1106   -2.179276e+01     6.189e-05     1.000e+00     7.424e-02     2.313e-02  
 Iter  Func-count            Fval   Feasibility   Step Length       Norm of   First-order  
                                                                       step    optimality
  480        1108   -2.179277e+01     2.734e-04     1.000e+00     1.438e-01     6.722e-02  
  481        1110   -2.179278e+01     1.485e-04     1.000e+00     1.603e-01     1.125e-01  
  482        1112   -2.179281e+01     4.751e-04     1.000e+00     3.421e-01     1.441e-01  
  483        1114   -2.179283e+01     1.628e-04     1.000e+00     1.463e-01     1.661e-01  
  484        1116   -2.179292e+01     4.343e-04     1.000e+00     6.536e-01     2.316e-01  
  485        1118   -2.179304e+01     7.005e-04     1.000e+00     9.436e-01     2.326e-01  
  486        1120   -2.179327e+01     3.404e-03     1.000e+00     1.469e+00     1.962e-01  
  487        1122   -2.179340e+01     2.936e-03     1.000e+00     1.198e+00     1.370e-01  
  488        1124   -2.179343e+01     1.936e-03     1.000e+00     5.772e-01     7.788e-02  
  489        1126   -2.179342e+01     5.765e-04     1.000e+00     2.412e-01     8.914e-02  
  490        1128   -2.179345e+01     1.607e-03     1.000e+00     4.330e-01     8.778e-02  
  491        1130   -2.179350e+01     3.102e-03     1.000e+00     5.201e-01     1.129e-01  
  492        1132   -2.179354e+01     1.572e-03     1.000e+00     4.271e-01     1.099e-01  
  493        1134   -2.179355e+01     1.195e-03     1.000e+00     2.593e-01     1.172e-01  
  494        1136   -2.179356e+01     4.422e-04     1.000e+00     1.859e-01     1.715e-01  
  495        1138   -2.179357e+01     2.594e-04     1.000e+00     1.142e-01     2.663e-01  
  496        1140   -2.179359e+01     5.542e-04     1.000e+00     1.923e-01     4.530e-01  
  497        1142   -2.179362e+01     3.511e-04     1.000e+00     1.751e-01     4.031e-01  
  498        1144   -2.179366e+01     5.471e-04     1.000e+00     2.360e-01     5.638e-01  
  499        1146   -2.179373e+01     6.576e-04     1.000e+00     3.159e-01     9.716e-01  
  500        1148   -2.179383e+01     1.473e-03     1.000e+00     3.870e-01     8.201e-01  
  501        1150   -2.179410e+01     7.432e-03     1.000e+00     8.884e-01     1.621e+00  
  502        1152   -2.179419e+01     4.005e-05     1.000e+00     5.974e-02     7.279e-01  
  503        1154   -2.179462e+01     3.006e-03     1.000e+00     1.046e+00     1.830e+00  
  504        1156   -2.179489e+01     6.200e-04     1.000e+00     7.368e-01     1.444e+00  
  505        1158   -2.179532e+01     1.805e-03     1.000e+00     7.981e-01     5.969e-01  
  506        1160   -2.179522e+01     1.666e-04     1.000e+00     1.848e-01     5.185e-01  
  507        1162   -2.179534e+01     4.443e-04     1.000e+00     2.733e-01     4.357e-01  
  508        1164   -2.179551e+01     1.445e-03     1.000e+00     6.136e-01     1.173e+00  
  509        1166   -2.179574e+01     3.010e-03     1.000e+00     1.180e+00     1.511e+00  
 Iter  Func-count            Fval   Feasibility   Step Length       Norm of   First-order  
                                                                       step    optimality
  510        1169   -2.179597e+01     6.888e-04     1.000e+00     1.989e+00     1.520e+00  
  511        1171   -2.179620e+01     3.573e-04     1.000e+00     2.984e-01     1.196e+00  
  512        1173   -2.179653e+01     2.229e-03     1.000e+00     5.297e-01     2.485e-01  
  513        1175   -2.179646e+01     9.954e-05     1.000e+00     1.108e-01     1.716e-01  
  514        1177   -2.179663e+01     2.302e-04     1.000e+00     2.370e-01     1.522e-01  
  515        1179   -2.179683e+01     7.655e-04     1.000e+00     4.456e-01     3.522e-01  
  516        1181   -2.179729e+01     2.796e-03     1.000e+00     8.602e-01     1.009e+00  
  517        1183   -2.179788e+01     1.797e-03     1.000e+00     6.505e-01     1.603e+00  
  518        1185   -2.179893e+01     2.142e-03     1.000e+00     5.897e-01     1.744e+00  
  519        1187   -2.179943e+01     3.276e-03     1.000e+00     6.952e-01     6.049e-01  
  520        1189   -2.179922e+01     1.761e-04     1.000e+00     1.847e-01     2.704e-01  
  521        1191   -2.179921e+01     2.186e-05     1.000e+00     8.242e-02     3.403e-01  
  522        1193   -2.179939e+01     3.503e-04     1.000e+00     2.994e-01     1.242e-01  
  523        1195   -2.179944e+01     5.304e-04     1.000e+00     3.524e-01     8.438e-02  
  524        1197   -2.179971e+01     2.919e-03     1.000e+00     8.176e-01     4.543e-01  
  525        1199   -2.180018e+01     7.385e-03     1.000e+00     1.370e+00     1.470e+00  
  526        1201   -2.180159e+01     2.910e-02     1.000e+00     3.442e+00     3.882e+00  
  527        1203   -2.180334e+01     9.123e-03     1.000e+00     1.969e+00     5.752e+00  
  528        1205   -2.181191e+01     1.687e-01     1.000e+00     7.913e+00     5.724e+00  
  529        1207   -2.181336e+01     2.551e-02     1.000e+00     1.795e+00     2.751e+00  
  530        1209   -2.181347e+01     1.491e-02     1.000e+00     1.182e+00     6.071e-01  
  531        1211   -2.181455e+01     4.717e-03     1.000e+00     1.224e+00     3.186e+00  
  532        1213   -2.181497e+01     5.348e-03     1.000e+00     1.325e+00     2.151e+00  
  533        1215   -2.181586e+01     1.889e-03     1.000e+00     5.318e-01     7.187e-01  
  534        1217   -2.181748e+01     6.144e-03     1.000e+00     9.137e-01     6.145e-01  
  535        1219   -2.181762e+01     1.414e-03     1.000e+00     3.222e-01     6.448e-01  
  536        1221   -2.181778e+01     3.643e-04     1.000e+00     1.749e-01     1.371e+00  
  537        1223   -2.181795e+01     1.028e-04     1.000e+00     1.717e-01     1.018e+00  
  538        1225   -2.181809e+01     2.412e-04     1.000e+00     3.394e-01     6.080e-01  
  539        1227   -2.181832e+01     3.849e-04     1.000e+00     3.148e-01     2.771e-01  
 Iter  Func-count            Fval   Feasibility   Step Length       Norm of   First-order  
                                                                       step    optimality
  540        1229   -2.181845e+01     5.101e-04     1.000e+00     3.347e-01     3.257e-01  
  541        1231   -2.181850e+01     2.374e-04     1.000e+00     3.471e-01     4.227e-01  
  542        1233   -2.181854e+01     1.078e-04     1.000e+00     9.066e-02     4.341e-01  
  543        1235   -2.181856e+01     7.845e-05     1.000e+00     9.051e-02     2.879e-01  
  544        1237   -2.181857e+01     3.903e-05     1.000e+00     6.654e-02     2.225e-01  
  545        1239   -2.181859e+01     3.074e-05     1.000e+00     5.423e-02     1.620e-01  
  546        1241   -2.181861e+01     9.587e-06     1.000e+00     4.385e-02     4.755e-02  
  547        1243   -2.181863e+01     2.262e-05     1.000e+00     5.959e-02     1.041e-01  
  548        1245   -2.181865e+01     5.805e-05     1.000e+00     8.507e-02     2.392e-01  
  549        1247   -2.181867e+01     9.835e-05     1.000e+00     1.078e-01     2.430e-01  
  550        1249   -2.181870e+01     2.907e-04     1.000e+00     1.415e-01     3.163e-01  
  551        1251   -2.181874e+01     9.162e-04     1.000e+00     2.100e-01     2.730e-01  
  552        1253   -2.181876e+01     5.713e-04     1.000e+00     1.559e-01     3.982e-01  
  553        1255   -2.181878e+01     3.157e-04     1.000e+00     1.364e-01     1.347e-01  
  554        1257   -2.181878e+01     1.511e-04     1.000e+00     8.037e-02     8.903e-02  
  555        1259   -2.181878e+01     2.185e-06     1.000e+00     2.446e-02     3.045e-02  
  556        1261   -2.181878e+01     5.497e-05     1.000e+00     4.817e-02     4.894e-02  
  557        1263   -2.181879e+01     8.575e-06     1.000e+00     3.342e-02     5.661e-02  
  558        1265   -2.181880e+01     7.325e-06     1.000e+00     5.159e-02     3.599e-02  
  559        1267   -2.181883e+01     1.674e-04     1.000e+00     1.384e-01     5.372e-02  
  560        1269   -2.181886e+01     5.707e-04     1.000e+00     1.639e-01     7.881e-02  
  561        1271   -2.181892e+01     1.870e-03     1.000e+00     2.810e-01     9.432e-02  
  562        1273   -2.181892e+01     1.317e-04     1.000e+00     9.660e-02     9.463e-02  
  563        1275   -2.181892e+01     8.371e-05     1.000e+00     5.964e-02     9.706e-02  
  564        1277   -2.181892e+01     3.560e-05     1.000e+00     3.768e-02     7.337e-02  
  565        1279   -2.181892e+01     5.381e-06     1.000e+00     1.748e-02     3.883e-02  
  566        1281   -2.181892e+01     9.139e-06     1.000e+00     2.428e-02     3.989e-02  
  567        1283   -2.181892e+01     2.898e-05     1.000e+00     3.935e-02     5.141e-02  
  568        1285   -2.181893e+01     4.458e-05     1.000e+00     4.412e-02     8.747e-02  
  569        1287   -2.181893e+01     4.345e-05     1.000e+00     5.445e-02     1.080e-01  
 Iter  Func-count            Fval   Feasibility   Step Length       Norm of   First-order  
                                                                       step    optimality
  570        1289   -2.181893e+01     6.412e-06     1.000e+00     2.945e-02     8.493e-02  
  571        1291   -2.181893e+01     1.633e-06     1.000e+00     1.711e-02     6.518e-02  
  572        1293   -2.181893e+01     5.278e-06     1.000e+00     3.063e-02     3.511e-02  
  573        1295   -2.181893e+01     3.330e-05     1.000e+00     4.789e-02     3.536e-02  
  574        1297   -2.181894e+01     7.623e-05     1.000e+00     6.477e-02     1.018e-01  
  575        1299   -2.181894e+01     4.304e-05     1.000e+00     5.298e-02     1.661e-01  
  576        1301   -2.181894e+01     8.161e-06     1.000e+00     3.668e-02     1.824e-01  
  577        1303   -2.181896e+01     6.948e-05     1.000e+00     8.726e-02     1.492e-01  
  578        1305   -2.181897e+01     2.247e-04     1.000e+00     1.383e-01     1.063e-01  
  579        1307   -2.181901e+01     1.938e-03     1.000e+00     3.833e-01     2.474e-01  
  580        1309   -2.181910e+01     6.812e-03     1.000e+00     6.794e-01     3.013e-01  
  581        1311   -2.181924e+01     5.813e-03     1.000e+00     6.027e-01     1.665e-01  
  582        1313   -2.181941e+01     9.747e-03     1.000e+00     7.613e-01     2.046e-01  
  583        1315   -2.181951e+01     3.163e-03     1.000e+00     5.333e-01     3.969e-01  
  584        1317   -2.181944e+01     1.793e-04     1.000e+00     7.238e-02     2.120e-01  
  585        1319   -2.181945e+01     1.268e-04     1.000e+00     6.719e-02     1.865e-01  
  586        1327   -2.181945e+01     1.119e-04     1.176e-01     1.517e-02     1.661e-01  
  587        1332   -2.181945e+01     5.257e-05     4.900e-01     1.723e-01     1.372e-01  
  588        1336   -2.181948e+01     3.150e-04     7.000e-01     2.924e-01     2.926e-01  
  589        1339   -2.181951e+01     5.193e-04     1.000e+00     2.981e-01     2.272e-01  
  590        1342   -2.181953e+01     1.934e-04     1.000e+00     2.251e-01     4.639e-01  
  591        1345   -2.181956e+01     4.576e-04     1.000e+00     2.491e-01     1.165e-01  
  592        1348   -2.181959e+01     5.480e-04     1.000e+00     2.679e-01     1.505e-01  
  593        1351   -2.181961e+01     8.202e-04     1.000e+00     2.922e-01     1.745e-01  
  594        1354   -2.181965e+01     1.237e-03     1.000e+00     3.145e-01     2.145e-01  
  595        1358   -2.181968e+01     1.655e-03     7.000e-01     2.877e-01     2.183e-01  
  596        1363   -2.181970e+01     1.890e-03     4.900e-01     2.487e-01     1.710e-01  
  597        1368   -2.181972e+01     1.915e-03     4.900e-01     2.292e-01     6.713e-02  
  598        1372   -2.181974e+01     2.015e-03     7.000e-01     2.683e-01     2.701e-02  
  599        1375   -2.181976e+01     1.784e-03     1.000e+00     2.987e-01     3.605e-02  
 Iter  Func-count            Fval   Feasibility   Step Length       Norm of   First-order  
                                                                       step    optimality
  600        1377   -2.181977e+01     1.623e-03     1.000e+00     2.882e-01     2.370e-01  
  601        1379   -2.181978e+01     8.399e-05     1.000e+00     7.393e-02     4.407e-02  
  602        1382   -2.181979e+01     4.078e-05     1.000e+00     1.995e-01     3.581e-01  
  603        1386   -2.181981e+01     2.038e-04     7.000e-01     3.059e-01     5.773e-01  
  604        1389   -2.181985e+01     5.728e-04     1.000e+00     4.382e-01     1.090e+00  
  605        1393   -2.181987e+01     8.092e-05     7.000e-01     1.367e-01     8.532e-01  
  606        1395   -2.181990e+01     1.528e-04     1.000e+00     8.791e-02     1.943e-01  
  607        1398   -2.181994e+01     9.568e-05     1.000e+00     3.021e-01     2.361e-01  
  608        1401   -2.181995e+01     3.289e-05     1.000e+00     1.828e-01     3.720e-01  
  609        1404   -2.181996e+01     1.737e-05     1.000e+00     1.311e-01     7.304e-02  
  610        1407   -2.181997e+01     3.439e-05     1.000e+00     1.469e-01     8.968e-02  
  611        1410   -2.181997e+01     9.030e-06     1.000e+00     9.854e-02     8.361e-02  
  612        1413   -2.181997e+01     3.977e-05     1.000e+00     1.588e-01     1.909e-01  
  613        1415   -2.181998e+01     6.937e-05     1.000e+00     6.816e-02     1.908e-01  
  614        1418   -2.181998e+01     2.369e-06     1.000e+00     9.560e-02     3.030e-01  
  615        1421   -2.181998e+01     1.507e-06     1.000e+00     1.004e-01     2.632e-01  
  616        1424   -2.181999e+01     2.678e-06     1.000e+00     8.990e-02     2.276e-01  
  617        1427   -2.181999e+01     1.247e-06     1.000e+00     5.785e-02     1.500e-01  
  618        1430   -2.181999e+01     2.467e-06     1.000e+00     7.532e-02     1.017e-01  
  619        1433   -2.182000e+01     5.885e-06     1.000e+00     9.692e-02     1.177e-01  
  620        1436   -2.182001e+01     2.193e-05     1.000e+00     1.112e-01     1.568e-01  
  621        1439   -2.182002e+01     4.833e-05     1.000e+00     1.586e-01     6.156e-02  
  622        1444   -2.182003e+01     1.050e-04     4.900e-01     1.499e-01     1.614e-01  
  623        1448   -2.182005e+01     1.345e-04     7.000e-01     3.204e-01     2.269e-01  
  624        1450   -2.182008e+01     3.261e-04     1.000e+00     1.299e-01     1.281e-01  
  625        1452   -2.182011e+01     8.117e-05     1.000e+00     5.124e-02     2.621e-01  
  626        1454   -2.182011e+01     1.327e-05     1.000e+00     5.051e-02     3.551e-01  
  627        1456   -2.182012e+01     3.632e-05     1.000e+00     4.088e-02     3.470e-01  
  628        1458   -2.182012e+01     4.615e-05     1.000e+00     5.344e-02     4.420e-01  
  629        1460   -2.182013e+01     9.689e-05     1.000e+00     8.733e-02     4.784e-01  
 Iter  Func-count            Fval   Feasibility   Step Length       Norm of   First-order  
                                                                       step    optimality
  630        1462   -2.182013e+01     1.398e-04     1.000e+00     1.092e-01     5.838e-01  
  631        1465   -2.182014e+01     7.030e-05     1.000e+00     1.349e-01     3.004e-01  
  632        1468   -2.182015e+01     3.568e-04     1.000e+00     1.580e-01     2.617e-01  
  633        1471   -2.182016e+01     4.085e-04     1.000e+00     1.574e-01     2.057e-01  
  634        1474   -2.182017e+01     5.900e-04     1.000e+00     1.771e-01     1.326e-01  
  635        1476   -2.182018e+01     7.791e-04     1.000e+00     2.091e-01     1.654e-01  
  636        1478   -2.182018e+01     3.247e-06     1.000e+00     3.262e-02     2.213e-01  
  637        1480   -2.182018e+01     4.857e-05     1.000e+00     6.799e-02     4.765e-02  
  638        1482   -2.182018e+01     6.064e-06     1.000e+00     2.664e-02     4.375e-02  
  639        1484   -2.182018e+01     6.034e-05     1.000e+00     8.261e-02     4.228e-02  
  640        1486   -2.182019e+01     1.945e-04     1.000e+00     1.426e-01     9.332e-02  
  641        1488   -2.182020e+01     1.072e-03     1.000e+00     2.757e-01     2.537e-01  
  642        1490   -2.182022e+01     1.353e-03     1.000e+00     2.680e-01     5.089e-01  
  643        1492   -2.182024e+01     1.278e-04     1.000e+00     1.676e-01     4.237e-01  
  644        1497   -2.182024e+01     1.894e-04     4.900e-01     1.677e-01     5.189e-01  
  645        1499   -2.182024e+01     4.815e-04     1.000e+00     1.273e-01     5.141e-01  
  646        1501   -2.182025e+01     2.135e-05     1.000e+00     5.549e-02     4.456e-01  
  647        1503   -2.182028e+01     5.360e-05     1.000e+00     1.260e-01     2.779e-01  
  648        1505   -2.182033e+01     4.933e-04     1.000e+00     3.489e-01     1.802e-01  
  649        1507   -2.182045e+01     1.473e-03     1.000e+00     8.098e-01     5.513e-01  
  650        1509   -2.182062e+01     1.324e-03     1.000e+00     1.170e+00     8.468e-01  
  651        1515   -2.182065e+01     1.631e-03     3.430e-01     3.698e-01     1.253e+00  
  652        1518   -2.182063e+01     1.345e-03     1.000e+00     7.444e-01     7.654e-01  
  653        1520   -2.182086e+01     3.275e-03     1.000e+00     3.762e-01     2.026e-01  
  654        1522   -2.182074e+01     8.554e-05     1.000e+00     6.389e-02     2.013e-01  
  655        1524   -2.182074e+01     6.963e-05     1.000e+00     5.812e-02     1.479e-01  
  656        1526   -2.182074e+01     6.777e-05     1.000e+00     5.554e-02     1.641e-01  
  657        1528   -2.182075e+01     1.183e-04     1.000e+00     8.141e-02     7.919e-02  
  658        1530   -2.182075e+01     3.764e-04     1.000e+00     1.764e-01     4.761e-02  
  659        1532   -2.182077e+01     7.651e-04     1.000e+00     2.892e-01     1.356e-01  
 Iter  Func-count            Fval   Feasibility   Step Length       Norm of   First-order  
                                                                       step    optimality
  660        1534   -2.182078e+01     7.982e-04     1.000e+00     2.750e-01     7.772e-02  
  661        1536   -2.182078e+01     2.830e-04     1.000e+00     1.583e-01     9.416e-02  
  662        1538   -2.182078e+01     2.142e-04     1.000e+00     1.305e-01     6.841e-02  
  663        1540   -2.182079e+01     5.490e-04     1.000e+00     1.960e-01     1.012e-01  
  664        1542   -2.182079e+01     7.433e-04     1.000e+00     2.135e-01     9.583e-02  
  665        1544   -2.182080e+01     6.941e-04     1.000e+00     2.044e-01     1.363e-01  
  666        1546   -2.182080e+01     5.748e-04     1.000e+00     2.017e-01     8.617e-02  
  667        1548   -2.182080e+01     7.086e-04     1.000e+00     2.457e-01     3.638e-02  
  668        1551   -2.182081e+01     6.545e-04     1.000e+00     3.021e-01     2.039e-01  
  669        1553   -2.182081e+01     2.188e-04     1.000e+00     1.671e-01     3.030e-01  
  670        1555   -2.182082e+01     1.218e-04     1.000e+00     1.575e-01     2.101e-01  
  671        1557   -2.182082e+01     5.395e-04     1.000e+00     2.700e-01     1.064e-01  
  672        1559   -2.182083e+01     6.178e-04     1.000e+00     2.686e-01     2.245e-01  
  673        1561   -2.182085e+01     1.728e-03     1.000e+00     4.420e-01     1.293e-01  
  674        1563   -2.182085e+01     1.223e-06     1.000e+00     2.352e-02     5.339e-01  
  675        1565   -2.182086e+01     6.258e-06     1.000e+00     3.669e-02     1.041e-01  
  676        1567   -2.182086e+01     4.848e-06     1.000e+00     3.091e-02     6.404e-02  
  677        1569   -2.182086e+01     2.950e-06     1.000e+00     2.313e-02     3.919e-02  
  678        1571   -2.182086e+01     4.080e-06     1.000e+00     2.113e-02     1.630e-02  
  679        1573   -2.182086e+01     9.951e-06     1.000e+00     2.551e-02     1.727e-02  
  680        1575   -2.182086e+01     3.778e-05     1.000e+00     4.548e-02     3.396e-02  
  681        1578   -2.182086e+01     2.682e-05     1.000e+00     7.637e-02     4.591e-02  
  682        1581   -2.182087e+01     1.537e-04     1.000e+00     1.328e-01     1.288e-01  
  683        1585   -2.182089e+01     3.157e-04     7.000e-01     1.631e-01     1.728e-01  
  684        1590   -2.182091e+01     5.739e-04     4.900e-01     2.014e-01     2.250e-01  
  685        1596   -2.182093e+01     7.673e-04     3.430e-01     2.263e-01     3.017e-01  
  686        1603   -2.182097e+01     9.430e-04     2.401e-01     2.488e-01     3.772e-01  
  687        1610   -2.182102e+01     1.460e-03     2.401e-01     3.513e-01     4.681e-01  
  688        1617   -2.182109e+01     1.848e-03     2.401e-01     4.497e-01     6.028e-01  
  689        1621   -2.182127e+01     3.077e-03     7.000e-01     1.185e+00     5.115e-01  
 Iter  Func-count            Fval   Feasibility   Step Length       Norm of   First-order  
                                                                       step    optimality
  690        1623   -2.182130e+01     7.133e-04     1.000e+00     5.207e-01     8.820e-01  
  691        1625   -2.182132e+01     3.428e-04     1.000e+00     1.191e-01     2.184e-01  
  692        1627   -2.182133e+01     8.571e-05     1.000e+00     7.430e-02     1.560e-01  
  693        1629   -2.182133e+01     2.250e-05     1.000e+00     4.087e-02     8.960e-02  
  694        1632   -2.182134e+01     2.493e-05     1.000e+00     1.410e-01     1.906e-01  
  695        1635   -2.182135e+01     1.885e-05     1.000e+00     1.134e-01     1.745e-01  
  696        1640   -2.182136e+01     7.659e-05     4.900e-01     1.514e-01     1.142e-01  
  697        1646   -2.182137e+01     1.403e-04     3.430e-01     1.531e-01     2.511e-01  
  698        1653   -2.182138e+01     1.641e-04     2.401e-01     1.226e-01     4.751e-01  
  699        1660   -2.182139e+01     2.007e-04     2.401e-01     1.295e-01     7.179e-01  
  700        1666   -2.182140e+01     3.077e-04     3.430e-01     1.692e-01     9.938e-01  
  701        1670   -2.182142e+01     3.975e-04     7.000e-01     2.206e-01     1.153e+00  
  702        1672   -2.182143e+01     4.537e-04     1.000e+00     1.574e-01     7.576e-01  
  703        1674   -2.182144e+01     7.321e-05     1.000e+00     1.367e-01     3.968e-01  
  704        1679   -2.182144e+01     3.809e-05     4.900e-01     9.832e-02     5.443e-01  
  705        1681   -2.182145e+01     3.304e-05     1.000e+00     1.043e-01     8.518e-02  
  706        1683   -2.182145e+01     5.673e-05     1.000e+00     1.041e-01     2.221e-01  
  707        1685   -2.182145e+01     4.265e-05     1.000e+00     9.729e-02     4.286e-02  
  708        1687   -2.182145e+01     1.070e-05     1.000e+00     3.208e-02     4.792e-02  
  709        1689   -2.182145e+01     1.038e-05     1.000e+00     2.412e-02     4.237e-02  
  710        1691   -2.182145e+01     7.416e-06     1.000e+00     2.059e-02     5.282e-02  
  711        1693   -2.182146e+01     8.058e-06     1.000e+00     2.608e-02     5.413e-02  
  712        1695   -2.182146e+01     2.760e-06     1.000e+00     3.534e-02     5.881e-02  
  713        1697   -2.182146e+01     4.403e-06     1.000e+00     6.500e-02     6.514e-02  
  714        1699   -2.182147e+01     4.639e-05     1.000e+00     1.305e-01     8.568e-02  
  715        1701   -2.182149e+01     2.716e-04     1.000e+00     2.668e-01     1.166e-01  
  716        1703   -2.182153e+01     6.559e-04     1.000e+00     3.812e-01     1.718e-01  
  717        1705   -2.182156e+01     2.891e-04     1.000e+00     1.924e-01     2.492e-01  
  718        1707   -2.182160e+01     3.524e-04     1.000e+00     3.302e-01     2.039e-01  
  719        1709   -2.182159e+01     1.112e-05     1.000e+00     7.776e-02     1.515e-01  
 Iter  Func-count            Fval   Feasibility   Step Length       Norm of   First-order  
                                                                       step    optimality
  720        1712   -2.182160e+01     1.343e-04     1.000e+00     1.974e-01     7.605e-02  
  721        1716   -2.182161e+01     1.621e-04     7.000e-01     1.754e-01     3.736e-01  
  722        1719   -2.182161e+01     6.637e-05     1.000e+00     1.734e-01     6.084e-01  
  723        1721   -2.182162e+01     2.373e-05     1.000e+00     5.325e-02     2.751e-01  
  724        1723   -2.182162e+01     1.051e-05     1.000e+00     3.945e-02     2.542e-01  
  725        1725   -2.182162e+01     3.210e-05     1.000e+00     8.579e-02     1.519e-01  
  726        1727   -2.182162e+01     3.007e-05     1.000e+00     7.724e-02     1.254e-01  
  727        1729   -2.182162e+01     2.598e-05     1.000e+00     5.742e-02     5.501e-02  
  728        1731   -2.182163e+01     4.472e-05     1.000e+00     4.729e-02     6.332e-02  
  729        1734   -2.182163e+01     2.414e-06     1.000e+00     6.519e-02     7.852e-02  
  730        1737   -2.182163e+01     4.247e-06     1.000e+00     1.156e-01     9.417e-02  
  731        1740   -2.182164e+01     1.486e-05     1.000e+00     1.394e-01     9.524e-02  
  732        1743   -2.182165e+01     6.636e-05     1.000e+00     2.249e-01     1.518e-01  
  733        1746   -2.182167e+01     1.723e-04     1.000e+00     3.805e-01     2.238e-01  
  734        1749   -2.182173e+01     4.709e-04     1.000e+00     6.919e-01     3.380e-01  
  735        1752   -2.182184e+01     8.971e-04     1.000e+00     1.192e+00     4.067e-01  
  736        1755   -2.182214e+01     4.567e-03     1.000e+00     2.608e+00     7.721e-01  
  737        1757   -2.182253e+01     2.811e-04     1.000e+00     2.315e-01     8.439e-01  
  738        1759   -2.182266e+01     1.525e-03     1.000e+00     2.898e-01     4.583e-01  
  739        1761   -2.182266e+01     1.144e-03     1.000e+00     1.946e-01     3.179e-01  
  740        1763   -2.182265e+01     9.142e-04     1.000e+00     1.721e-01     4.064e-01  
  741        1765   -2.182267e+01     9.483e-04     1.000e+00     1.823e-01     3.340e-01  
  742        1767   -2.182267e+01     4.525e-06     1.000e+00     2.659e-02     2.554e-01  
  743        1769   -2.182267e+01     3.374e-06     1.000e+00     3.475e-02     2.745e-01  
  744        1771   -2.182272e+01     3.003e-05     1.000e+00     1.431e-01     3.268e-01  
  745        1773   -2.182277e+01     8.245e-05     1.000e+00     2.372e-01     2.001e-01  
  746        1775   -2.182291e+01     4.788e-04     1.000e+00     5.986e-01     3.530e-01  
  747        1777   -2.182298e+01     7.669e-05     1.000e+00     2.341e-01     2.004e-01  
  748        1779   -2.182313e+01     5.238e-04     1.000e+00     2.055e-01     4.711e-01  
  749        1781   -2.182305e+01     4.951e-06     1.000e+00     2.502e-02     3.640e-01  
 Iter  Func-count            Fval   Feasibility   Step Length       Norm of   First-order  
                                                                       step    optimality
  750        1784   -2.182306e+01     1.559e-07     1.000e+00     4.671e-02     3.392e-01  
  751        1787   -2.182307e+01     1.952e-05     1.000e+00     1.209e-01     1.857e-01  
  752        1792   -2.182307e+01     2.571e-05     4.900e-01     6.924e-02     1.260e-01  
  753        1799   -2.182308e+01     4.095e-05     2.401e-01     6.179e-02     6.603e-02  
  754        1806   -2.182308e+01     5.516e-05     2.401e-01     6.142e-02     5.719e-02  
  755        1812   -2.182309e+01     7.830e-05     3.430e-01     7.310e-02     7.413e-02  
  756        1817   -2.182309e+01     8.114e-05     4.900e-01     7.624e-02     1.370e-01  
  757        1821   -2.182309e+01     6.100e-05     7.000e-01     7.681e-02     1.745e-01  
  758        1824   -2.182309e+01     3.947e-05     1.000e+00     7.947e-02     1.543e-01  
  759        1827   -2.182310e+01     2.726e-05     1.000e+00     7.369e-02     9.090e-02  
  760        1832   -2.182310e+01     2.490e-05     4.900e-01     5.371e-02     1.444e-02  
  761        1838   -2.182310e+01     2.583e-05     3.430e-01     4.942e-02     2.647e-02  
  762        1844   -2.182310e+01     2.702e-05     3.430e-01     4.944e-02     9.237e-03  
  763        1850   -2.182310e+01     2.573e-05     3.430e-01     4.545e-02     1.734e-02  
  764        1856   -2.182310e+01     2.376e-05     3.430e-01     4.275e-02     3.454e-02  
  765        1862   -2.182310e+01     2.225e-05     3.430e-01     4.170e-02     5.179e-02  
  766        1868   -2.182311e+01     2.203e-05     3.430e-01     4.243e-02     7.019e-02  
  767        1874   -2.182311e+01     2.382e-05     3.430e-01     4.468e-02     8.998e-02  
  768        1881   -2.182311e+01     2.259e-05     2.401e-01     3.478e-02     1.061e-01  
  769        1889   -2.182311e+01     2.196e-05     1.681e-01     2.991e-02     1.192e-01  
  770        1897   -2.182311e+01     2.385e-05     1.681e-01     3.478e-02     1.338e-01  
  771        1905   -2.182311e+01     2.719e-05     1.681e-01     3.778e-02     1.496e-01  
  772        1914   -2.182311e+01     2.753e-05     1.176e-01     3.001e-02     1.628e-01  
  773        1923   -2.182311e+01     3.047e-05     1.176e-01     3.502e-02     1.769e-01  
  774        1932   -2.182311e+01     3.448e-05     1.176e-01     3.781e-02     1.930e-01  
  775        1942   -2.182311e+01     3.517e-05     8.235e-02     2.998e-02     2.067e-01  
  776        1952   -2.182311e+01     3.804e-05     8.235e-02     3.454e-02     2.209e-01  
  777        1962   -2.182311e+01     4.159e-05     8.235e-02     3.684e-02     2.364e-01  
  778        1972   -2.182312e+01     4.624e-05     8.235e-02     3.964e-02     2.522e-01  
  779        1982   -2.182312e+01     5.177e-05     8.235e-02     4.229e-02     2.683e-01  
 Iter  Func-count            Fval   Feasibility   Step Length       Norm of   First-order  
                                                                       step    optimality
  780        1992   -2.182312e+01     5.797e-05     8.235e-02     4.482e-02     2.843e-01  
  781        2002   -2.182312e+01     6.449e-05     8.235e-02     4.716e-02     3.002e-01  
  782        2012   -2.182312e+01     7.094e-05     8.235e-02     4.925e-02     3.160e-01  
  783        2022   -2.182313e+01     7.695e-05     8.235e-02     5.105e-02     3.317e-01  
  784        2032   -2.182313e+01     8.218e-05     8.235e-02     5.254e-02     3.475e-01  
  785        2042   -2.182313e+01     8.639e-05     8.235e-02     5.369e-02     3.634e-01  
  786        2052   -2.182313e+01     8.944e-05     8.235e-02     5.451e-02     3.796e-01  
  787        2061   -2.182314e+01     1.046e-04     1.176e-01     7.596e-02     3.985e-01  
  788        2070   -2.182314e+01     1.092e-04     1.176e-01     7.191e-02     4.207e-01  
  789        2079   -2.182315e+01     1.113e-04     1.176e-01     7.222e-02     4.416e-01  
  790        2087   -2.182315e+01     1.265e-04     1.681e-01     9.840e-02     4.667e-01  
  791        2095   -2.182316e+01     1.251e-04     1.681e-01     9.012e-02     4.950e-01  
  792        2102   -2.182316e+01     1.385e-04     2.401e-01     1.211e-01     5.257e-01  
  793        2108   -2.182317e+01     1.522e-04     3.430e-01     1.473e-01     5.681e-01  
  794        2113   -2.182317e+01     1.533e-04     4.900e-01     1.715e-01     6.170e-01  
  795        2117   -2.182318e+01     1.162e-04     7.000e-01     1.843e-01     6.782e-01  
  796        2120   -2.182318e+01     4.089e-05     1.000e+00     1.702e-01     7.328e-01  
  797        2123   -2.182318e+01     4.625e-06     1.000e+00     9.492e-02     7.896e-01  
  798        2126   -2.182318e+01     3.353e-06     1.000e+00     9.550e-02     8.296e-01  
  799        2129   -2.182318e+01     5.360e-06     1.000e+00     1.355e-01     9.934e-01  
  800        2132   -2.182319e+01     2.624e-06     1.000e+00     1.723e-01     9.953e-01  
  801        2135   -2.182320e+01     2.103e-06     1.000e+00     2.408e-01     1.227e+00  
  802        2138   -2.182323e+01     4.335e-06     1.000e+00     3.633e-01     1.087e+00  
  803        2144   -2.182327e+01     6.822e-05     3.430e-01     2.714e-01     7.477e-01  
  804        2156   -2.182328e+01     1.030e-04     4.035e-02     2.041e-01     4.003e-01  
  805        2167   -2.182329e+01     1.420e-04     5.765e-02     1.819e-01     3.608e-01  
  806        2176   -2.182331e+01     1.841e-04     1.176e-01     1.635e-01     4.977e-01  
  807        2184   -2.182333e+01     2.184e-04     1.681e-01     1.719e-01     7.083e-01  
  808        2191   -2.182335e+01     2.599e-04     2.401e-01     2.009e-01     9.298e-01  
  809        2197   -2.182337e+01     2.758e-04     3.430e-01     2.134e-01     1.145e+00  
 Iter  Func-count            Fval   Feasibility   Step Length       Norm of   First-order  
                                                                       step    optimality
  810        2201   -2.182340e+01     3.539e-04     7.000e-01     2.877e-01     1.388e+00  
  811        2203   -2.182343e+01     2.448e-04     1.000e+00     1.312e-01     1.203e+00  
  812        2208   -2.182343e+01     2.005e-04     4.900e-01     1.395e-01     1.054e+00  
  813        2211   -2.182344e+01     3.733e-05     1.000e+00     2.933e-01     5.837e-01  
  814        2215   -2.182344e+01     4.558e-05     7.000e-01     1.137e-01     4.832e-01  
  815        2218   -2.182344e+01     1.717e-05     1.000e+00     1.279e-01     2.793e-01  
  816        2221   -2.182345e+01     1.224e-06     1.000e+00     5.324e-02     1.455e-01  
  817        2224   -2.182345e+01     3.401e-08     1.000e+00     2.256e-02     2.245e-02  
  818        2227   -2.182345e+01     1.139e-08     1.000e+00     1.950e-02     1.561e-02  
  819        2230   -2.182345e+01     8.775e-10     1.000e+00     1.687e-02     1.352e-02  
  820        2232   -2.182345e+01     2.923e-07     1.000e+00     1.321e-02     8.876e-03  
  821        2235   -2.182345e+01     9.602e-10     1.000e+00     1.933e-02     1.494e-02  
  822        2238   -2.182345e+01     4.519e-10     1.000e+00     1.530e-02     6.595e-03  
  823        2241   -2.182345e+01     3.581e-10     1.000e+00     8.789e-03     8.253e-03  
  824        2244   -2.182345e+01     8.847e-11     1.000e+00     4.797e-03     1.475e-03  
  825        2247   -2.182345e+01     2.330e-10     1.000e+00     4.294e-03     2.230e-03  
  826        2250   -2.182345e+01     7.926e-10     1.000e+00     5.906e-03     3.941e-03  
  827        2253   -2.182345e+01     3.819e-09     1.000e+00     7.621e-03     5.692e-03  
  828        2256   -2.182345e+01     1.196e-08     1.000e+00     1.091e-02     8.787e-03  
  829        2259   -2.182345e+01     4.156e-08     1.000e+00     1.655e-02     1.444e-02  
  830        2262   -2.182345e+01     1.248e-07     1.000e+00     2.844e-02     2.980e-02  
  831        2265   -2.182345e+01     3.335e-07     1.000e+00     5.315e-02     5.834e-02  
  832        2268   -2.182345e+01     4.696e-07     1.000e+00     1.012e-01     9.884e-02  
  833        2271   -2.182345e+01     6.627e-08     1.000e+00     8.791e-02     7.929e-02  
  834        2274   -2.182346e+01     1.029e-05     1.000e+00     1.176e-01     3.818e-02  
  835        2277   -2.182346e+01     1.786e-06     1.000e+00     4.240e-02     4.207e-02  
  836        2279   -2.182346e+01     6.143e-07     1.000e+00     1.485e-02     1.217e-02  
  837        2281   -2.182346e+01     6.254e-08     1.000e+00     4.071e-03     1.245e-02  
  838        2283   -2.182346e+01     2.076e-08     1.000e+00     2.403e-03     8.255e-03  
  839        2285   -2.182346e+01     7.248e-08     1.000e+00     3.784e-03     6.962e-03  
 Iter  Func-count            Fval   Feasibility   Step Length       Norm of   First-order  
                                                                       step    optimality
  840        2287   -2.182346e+01     1.138e-07     1.000e+00     5.009e-03     5.967e-03  
  841        2289   -2.182346e+01     2.435e-07     1.000e+00     8.533e-03     7.918e-03  
  842        2291   -2.182346e+01     1.388e-06     1.000e+00     1.642e-02     1.231e-02  
  843        2294   -2.182346e+01     5.297e-08     1.000e+00     3.606e-02     2.098e-02  
  844        2297   -2.182346e+01     5.319e-07     1.000e+00     7.325e-02     5.068e-02  
  845        2300   -2.182346e+01     1.871e-06     1.000e+00     1.073e-01     8.210e-02  
  846        2303   -2.182346e+01     7.855e-07     1.000e+00     8.132e-02     7.503e-02  
  847        2305   -2.182346e+01     2.694e-06     1.000e+00     2.227e-02     2.876e-02  
  848        2307   -2.182346e+01     3.556e-07     1.000e+00     9.235e-03     3.421e-03  
  849        2309   -2.182346e+01     1.370e-08     1.000e+00     1.686e-03     2.161e-04  
  850        2311   -2.182346e+01     1.467e-10     1.000e+00     1.907e-04     1.001e-04  
  851        2313   -2.182346e+01     2.548e-11     1.000e+00     3.992e-05     2.186e-08  

<a href = "matlab: helpview('optim','feasible_better_objective','CSHelpWindow');">Feasible point with lower objective function value found</a>.


<a href = "matlab: helpview('optim','local_min_found','CSHelpWindow');">Local minimum found that satisfies the constraints</a>.

Optimization completed because the objective function is non-decreasing in 
<a href = "matlab: helpview('optim','feasible_directions','CSHelpWindow');">feasible directions</a>, to within the value of the <a href = "matlab: helpview('optim','optimality_tolerance_msgcsh','CSHelpWindow');">optimality tolerance</a>,
and constraints are satisfied to within the value of the <a href = "matlab: helpview('optim','constraint_tolerance','CSHelpWindow');">constraint tolerance</a>.

<<a href = "matlab: createExitMsg({'optimlib:sqpLineSearch:Exit1basic'},{'optimlib:sqpLineSearch:Exit1detailed','1.311792e-08','1.000000e-05','2.547584e-11','1.000000e-05'},true,true);;">stopping criteria details</a>>

optimout = 

  <a href="matlab:helpPopup struct" style="font-weight:bold">struct</a> with fields:

        nlpx: [4101 double]
        fval: -21.8235
    exitflag: 1
      output: [11 struct]
      lambda: [11 struct]
        grad: [4101 double]
     hessian: [410410 double]
           t: [401 double]
           u: [404 double]
           p: []


optimparam = 

  <a href="matlab:helpPopup struct" style="font-weight:bold">struct</a> with fields:

           optvar: 3
          objtype: []
            ncolx: 3
            ncolu: 2
               li: [101 double]
               tf: 0.2000
               ui: [410 double]
              par: []
              bdu: [42 double]
              bdx: []
              bdp: []
           objfun: @dynobjfun
           confun: []
          process: @dynprocess
          options: [11 struct]
       origobjfun: @objfun
       origconfun: []
      origprocess: @process
    gradt_process: @gradt_process
    gradx_process: @gradx_process
    gradu_process: @gradu_process
    gradp_process: @gradp_process
     gradt_objfun: @gradt_objfun
     gradx_objfun: @gradx_objfun
     gradu_objfun: @gradu_objfun
     gradp_objfun: @gradp_objfun
              bdt: [1.0000e-03 0.2000]
               ni: 10
               nu: 4
               nx: 8
               np: 0
              tau: [51 double]
              lfx: [54 double]
             dlfx: [54 double]
              lfu: [52 double]
                M: [88 double]
           dt_col: 10
           du_col: 80
           dx_col: 320
           dp_col: 0
        adoptions: [11 struct]

