problem1a
                                                          Norm of First-order
 Iter F-count            f(x) Feasibility  Steplength        step  optimality
    0      34    1.000000e+00   3.553e-15   1.000e+00   0.000e+00   8.770e+00
    1      68    8.915762e-01   9.631e-03   1.000e+00   3.293e-01   1.585e-01
    2     104    7.808330e-01   2.529e-02   7.000e-01   7.910e-01   1.872e-01
    3     138    7.579297e-01   3.560e-03   1.000e+00   1.779e-01   5.354e-02
    4     172    7.610605e-01   3.521e-04   1.000e+00   7.247e-02   1.487e-02
    5     206    7.615615e-01   4.624e-05   1.000e+00   1.971e-02   1.657e-03
    6     240    7.615986e-01   4.349e-06   1.000e+00   4.121e-03   1.240e-03
    7     274    7.615953e-01   2.812e-06   1.000e+00   3.901e-03   4.009e-04
    8     308    7.615978e-01   1.033e-07   1.000e+00   8.280e-04   1.190e-04
    9     342    7.615978e-01   2.030e-08   1.000e+00   3.089e-04   4.274e-05
   10     376    7.615978e-01   8.260e-09   1.000e+00   1.664e-04   2.843e-05
   11     410    7.615978e-01   6.943e-10   1.000e+00   9.332e-05   1.062e-05
   12     444    7.615978e-01   8.961e-11   1.000e+00   3.512e-05   6.317e-06
   13     478    7.615978e-01   1.404e-10   1.000e+00   3.248e-05   8.495e-06
   14     512    7.615978e-01   2.748e-10   1.000e+00   4.094e-05   1.036e-05
   15     547    7.615978e-01   1.178e-14   1.000e+00   7.034e-05   1.176e-05
   16     582    7.615978e-01   1.540e-13   1.000e+00   1.618e-04   3.340e-05
   17     617    7.615978e-01   1.947e-12   1.000e+00   4.084e-04   9.815e-05
   18     652    7.615978e-01   1.924e-10   1.000e+00   1.102e-03   2.862e-04
   19     688    7.615978e-01   3.803e-09   7.000e-01   1.968e-03   6.335e-04
   20     728    7.615978e-01   7.500e-09   1.681e-01   1.419e-03   8.854e-04
   21     773    7.615978e-01   8.719e-09   2.825e-02   7.060e-04   1.009e-03
   22     821    7.615978e-01   1.014e-08   9.689e-03   5.546e-04   1.105e-03
   23     872    7.615978e-01   2.444e-09   2.326e-03   2.896e-04   1.154e-03
   24     928    7.615978e-01   4.862e-09   5.585e-04   3.879e-04   1.271e-03
   25     971    7.615978e-01   1.051e-08   5.765e-02   1.257e-03   1.648e-03
   26    1016    7.615978e-01   1.383e-08   2.825e-02   8.753e-04   1.911e-03
   27    1062    7.615978e-01   1.571e-08   1.977e-02   6.693e-04   2.112e-03
   28    1109    7.615978e-01   1.733e-08   1.384e-02   5.680e-04   2.283e-03
   29    1156    7.615978e-01   1.899e-08   1.384e-02   5.639e-04   2.452e-03
   30    1203    7.615978e-01   2.141e-08   1.384e-02   6.093e-04   2.635e-03

                                                          Norm of First-order
 Iter F-count            f(x) Feasibility  Steplength        step  optimality
   31    1250    7.615978e-01   2.349e-08   1.384e-02   5.824e-04   2.810e-03
   32    1298    7.615978e-01   2.454e-08   9.689e-03   4.423e-04   2.943e-03
   33    1345    7.615978e-01   2.680e-08   1.384e-02   5.845e-04   3.118e-03
   34    1392    7.615977e-01   1.814e-08   9.689e-03   4.820e-04   3.263e-03
   35    1437    7.615977e-01   1.660e-08   2.825e-02   1.136e-03   3.604e-03
   36    1484    7.615977e-01   1.953e-08   1.384e-02   5.986e-04   3.784e-03
   37    1531    7.615977e-01   2.172e-08   1.384e-02   5.591e-04   3.790e-03
   38    1578    7.615977e-01   2.410e-08   1.384e-02   5.698e-04   3.618e-03
   39    1625    7.615977e-01   2.091e-08   9.689e-03   4.405e-04   3.486e-03
   40    1670    7.615977e-01   1.770e-08   2.825e-02   1.102e-03   3.155e-03
   41    1716    7.615977e-01   2.242e-08   1.977e-02   7.353e-04   2.935e-03
   42    1763    7.615977e-01   2.405e-08   1.384e-02   5.215e-04   2.778e-03
   43    1810    7.615977e-01   2.570e-08   1.384e-02   5.262e-04   2.621e-03
   44    1857    7.615977e-01   2.702e-08   1.384e-02   5.033e-04   2.470e-03
   45    1904    7.615977e-01   2.855e-08   1.384e-02   5.223e-04   2.313e-03
   46    1951    7.615977e-01   2.956e-08   1.384e-02   4.820e-04   2.169e-03
   47    1998    7.615977e-01   3.114e-08   1.384e-02   5.309e-04   2.010e-03
   48    2045    7.615977e-01   3.217e-08   1.384e-02   4.890e-04   1.863e-03
   49    2092    7.615977e-01   3.325e-08   1.384e-02   4.965e-04   1.715e-03
   50    2138    7.615977e-01   3.633e-08   1.977e-02   6.909e-04   1.508e-03
   51    2184    7.615976e-01   3.907e-08   1.977e-02   6.776e-04   1.305e-03
   52    2230    7.615976e-01   4.169e-08   1.977e-02   6.750e-04   1.103e-03
   53    2276    7.615976e-01   4.437e-08   1.977e-02   6.827e-04   8.990e-04
   54    2322    7.615976e-01   4.672e-08   1.977e-02   6.687e-04   6.992e-04
   55    2368    7.615976e-01   4.961e-08   1.977e-02   7.004e-04   4.899e-04
   56    2414    7.615976e-01   5.172e-08   1.977e-02   6.640e-04   2.916e-04
   57    2460    7.615976e-01   5.344e-08   1.977e-02   6.441e-04   1.168e-04
   58    2506    7.615976e-01   5.542e-08   1.977e-02   6.626e-04   1.183e-04
   59    2552    7.615976e-01   5.688e-08   1.977e-02   6.334e-04   2.873e-04
   60    2598    7.615976e-01   5.950e-08   1.977e-02   7.029e-04   4.969e-04

                                                          Norm of First-order
 Iter F-count            f(x) Feasibility  Steplength        step  optimality
   61    2644    7.615976e-01   6.092e-08   1.977e-02   6.382e-04   6.871e-04
   62    2690    7.615976e-01   6.252e-08   1.977e-02   6.523e-04   8.814e-04
   63    2736    7.615976e-01   6.449e-08   1.977e-02   6.773e-04   1.083e-03
   64    2782    7.615976e-01   6.621e-08   1.977e-02   6.657e-04   1.281e-03
   65    2828    7.615976e-01   6.829e-08   1.977e-02   6.888e-04   1.486e-03
   66    2874    7.615976e-01   7.005e-08   1.977e-02   6.739e-04   1.686e-03
   67    2920    7.615976e-01   7.180e-08   1.977e-02   6.756e-04   1.887e-03
   68    2966    7.615975e-01   7.419e-08   1.977e-02   7.129e-04   2.099e-03
   69    3012    7.615975e-01   7.564e-08   1.977e-02   6.637e-04   2.296e-03
   70    3058    7.615975e-01   7.837e-08   1.977e-02   7.331e-04   2.514e-03
   71    3104    7.615975e-01   8.111e-08   1.977e-02   7.366e-04   2.732e-03
   72    3150    7.615975e-01   8.285e-08   1.977e-02   6.897e-04   2.936e-03
   73    3196    7.615975e-01   8.575e-08   1.977e-02   7.483e-04   3.158e-03
   74    3243    7.615975e-01   8.646e-08   1.384e-02   5.415e-04   3.319e-03
   75    3289    7.615975e-01   8.910e-08   1.977e-02   7.404e-04   3.336e-03
   76    3336    7.615975e-01   8.983e-08   1.384e-02   5.472e-04   3.174e-03
   77    3383    7.615975e-01   9.062e-08   1.384e-02   5.528e-04   3.011e-03
   78    3430    7.615975e-01   9.238e-08   1.384e-02   6.139e-04   2.829e-03
   79    3477    7.615975e-01   9.379e-08   1.384e-02   5.956e-04   2.653e-03
   80    3524    7.615975e-01   9.563e-08   1.384e-02   6.211e-04   2.470e-03
   81    3571    7.615975e-01   9.717e-08   1.384e-02   6.056e-04   2.291e-03
   82    3618    7.615975e-01   9.893e-08   1.384e-02   6.184e-04   2.109e-03
   83    3665    7.615975e-01   1.013e-07   1.384e-02   6.494e-04   1.918e-03
   84    3712    7.615975e-01   1.038e-07   1.384e-02   6.575e-04   1.724e-03
   85    3759    7.615975e-01   1.064e-07   1.384e-02   6.611e-04   1.529e-03
   86    3804    7.615975e-01   8.490e-08   1.977e-02   1.085e-03   1.210e-03
   87    3848    7.615974e-01   4.174e-08   4.035e-02   1.789e-03   6.844e-04
   88    3896    7.615974e-01   4.267e-08   9.689e-03   4.457e-04   5.536e-04
   89    3944    7.615974e-01   2.394e-08   6.782e-03   3.894e-04   4.393e-04
   90    3997    7.615974e-01   2.319e-08   1.140e-03   8.338e-05   4.148e-04

                                                          Norm of First-order
 Iter F-count            f(x) Feasibility  Steplength        step  optimality
   91    4041    7.615974e-01   3.812e-08   4.035e-02   1.229e-03   1.870e-04
   92    4091    7.615974e-01   3.368e-08   3.323e-03   1.885e-04   1.748e-04
   93    4144    7.615974e-01   3.292e-08   1.140e-03   7.731e-05   1.863e-04
   94    4198    7.615974e-01   3.192e-08   7.979e-04   8.935e-05   1.995e-04
   95    4243    7.615974e-01   4.216e-08   2.825e-02   1.030e-03   3.528e-04
   96    4292    7.615974e-01   3.185e-08   4.748e-03   2.889e-04   4.353e-04
   97    4345    7.615974e-01   3.101e-08   1.140e-03   8.139e-05   4.591e-04
   98    4398    7.615974e-01   3.005e-08   1.140e-03   8.779e-05   4.847e-04
   99    4451    7.615974e-01   2.932e-08   1.140e-03   7.567e-05   5.069e-04
  100    4504    7.615974e-01   2.838e-08   1.140e-03   8.636e-05   5.321e-04
  101    4557    7.615974e-01   2.776e-08   1.140e-03   6.996e-05   5.525e-04
  102    4609    7.615974e-01   2.691e-08   1.628e-03   8.196e-05   5.765e-04
  103    4666    7.615974e-01   2.625e-08   2.737e-04   7.348e-05   5.979e-04
  104    4710    7.615974e-01   4.350e-08   4.035e-02   1.292e-03   9.748e-04
  105    4758    7.615974e-01   2.390e-08   6.782e-03   4.164e-04   1.096e-03
  106    4811    7.615974e-01   2.359e-08   1.140e-03   9.109e-05   1.123e-03
  107    4866    7.615974e-01   2.340e-08   5.585e-04   7.382e-05   1.144e-03
  108    4918    7.615974e-01   2.314e-08   1.628e-03   8.185e-05   1.168e-03
  109    4972    7.615974e-01   2.302e-08   7.979e-04   5.412e-05   1.184e-03
  110    5031    7.615974e-01   2.295e-08   1.341e-04   4.584e-05   1.197e-03
  111    5088    7.615974e-01   2.313e-08   2.737e-04   4.442e-05   1.210e-03
  112    5132    7.615974e-01   4.349e-08   4.035e-02   1.415e-03   1.622e-03
  113    5181    7.615974e-01   3.275e-08   4.748e-03   2.956e-04   1.708e-03
  114    5235    7.615974e-01   3.200e-08   7.979e-04   7.760e-05   1.731e-03
  115    5288    7.615974e-01   3.091e-08   1.140e-03   9.356e-05   1.758e-03
  116    5334    7.615974e-01   3.933e-08   1.977e-02   9.012e-04   2.020e-03
  117    5384    7.615974e-01   3.345e-08   3.323e-03   2.188e-04   2.083e-03
  118    5438    7.615974e-01   3.259e-08   7.979e-04   8.330e-05   2.107e-03
  119    5491    7.615974e-01   3.178e-08   1.140e-03   8.027e-05   2.131e-03
  120    5537    7.615974e-01   3.863e-08   1.977e-02   8.569e-04   2.361e-03

                                                          Norm of First-order
 Iter F-count            f(x) Feasibility  Steplength        step  optimality
  121    5588    7.615973e-01   3.568e-08   2.326e-03   1.543e-04   2.316e-03
  122    5643    7.615973e-01   3.475e-08   5.585e-04   8.734e-05   2.291e-03
  123    5697    7.615973e-01   3.417e-08   7.979e-04   6.753e-05   2.271e-03
  124    5750    7.615973e-01   3.322e-08   1.140e-03   8.741e-05   2.246e-03
  125    5803    7.615973e-01   3.251e-08   1.140e-03   7.504e-05   2.224e-03
  126    5856    7.615973e-01   3.144e-08   1.140e-03   9.313e-05   2.197e-03
  127    5911    7.615973e-01   3.042e-08   5.585e-04   9.137e-05   2.171e-03
  128    5963    7.615973e-01   2.926e-08   1.628e-03   9.606e-05   2.143e-03
  129    6016    7.615973e-01   2.844e-08   1.140e-03   8.167e-05   2.120e-03
  130    6068    7.615973e-01   2.738e-08   1.628e-03   9.210e-05   2.093e-03
  131    6121    7.615973e-01   2.626e-08   1.140e-03   9.536e-05   2.065e-03
  132    6179    7.615973e-01   2.587e-08   1.916e-04   7.616e-05   2.043e-03
  133    6232    7.615973e-01   2.561e-08   1.140e-03   8.635e-05   2.018e-03
  134    6276    7.615973e-01   4.141e-08   4.035e-02   1.308e-03   1.640e-03
  135    6325    7.615973e-01   2.974e-08   4.748e-03   3.098e-04   1.551e-03
  136    6379    7.615973e-01   2.897e-08   7.979e-04   7.904e-05   1.528e-03
  137    6433    7.615973e-01   2.827e-08   7.979e-04   7.558e-05   1.506e-03
  138    6478    7.615973e-01   3.851e-08   2.825e-02   1.047e-03   1.204e-03
  139    6529    7.615973e-01   3.545e-08   2.326e-03   1.580e-04   1.159e-03
  140    6583    7.615973e-01   3.419e-08   7.979e-04   1.015e-04   1.129e-03
  141    6636    7.615973e-01   3.338e-08   1.140e-03   8.048e-05   1.106e-03
  142    6689    7.615973e-01   3.278e-08   1.140e-03   6.862e-05   1.087e-03
  143    6746    7.615973e-01   3.199e-08   2.737e-04   8.131e-05   1.063e-03
  144    6801    7.615973e-01   3.126e-08   5.585e-04   7.712e-05   1.041e-03
  145    6847    7.615973e-01   3.812e-08   1.977e-02   8.624e-04   7.928e-04
  146    6898    7.615973e-01   3.482e-08   2.326e-03   1.642e-04   7.456e-04
  147    6952    7.615973e-01   3.353e-08   7.979e-04   1.030e-04   7.160e-04
  148    7004    7.615973e-01   3.271e-08   1.628e-03   8.038e-05   6.929e-04
  149    7060    7.615973e-01   3.196e-08   3.910e-04   7.860e-05   6.703e-04
  150    7105    7.615973e-01   3.966e-08   2.825e-02   9.912e-04   3.951e-04

                                                          Norm of First-order
 Iter F-count            f(x) Feasibility  Steplength        step  optimality
  151    7155    7.615973e-01   3.288e-08   3.323e-03   2.366e-04   3.650e-04
  152    7208    7.615973e-01   3.222e-08   1.140e-03   7.243e-05   3.558e-04
  153    7263    7.615973e-01   3.171e-08   5.585e-04   6.444e-05   3.477e-04
  154    7316    7.615973e-01   3.068e-08   1.140e-03   9.137e-05   3.361e-04
  155    7370    7.615973e-01   2.997e-08   7.979e-04   7.626e-05   3.264e-04
  156    7428    7.615973e-01   2.909e-08   1.916e-04   8.570e-05   3.156e-04
  157    7480    7.615973e-01   2.808e-08   1.628e-03   9.021e-05   3.042e-04
  158    7533    7.615973e-01   2.736e-08   1.140e-03   7.627e-05   2.946e-04
  159    7588    7.615973e-01   2.675e-08   5.585e-04   7.144e-05   2.856e-04
  160    7640    7.615973e-01   2.649e-08   1.628e-03   8.578e-05   2.748e-04
  161    7695    7.615973e-01   2.633e-08   5.585e-04   7.116e-05   2.658e-04
  162    7749    7.615973e-01   2.609e-08   7.979e-04   8.737e-05   2.549e-04
  163    7802    7.615973e-01   2.588e-08   1.140e-03   7.792e-05   2.451e-04
  164    7854    7.615973e-01   2.560e-08   1.628e-03   9.186e-05   2.336e-04
  165    7910    7.615973e-01   2.545e-08   3.910e-04   6.828e-05   2.406e-04
  166    7963    7.615973e-01   2.526e-08   1.140e-03   7.551e-05   2.525e-04
  167    8020    7.615973e-01   2.506e-08   2.737e-04   8.203e-05   2.656e-04
  168    8072    7.615973e-01   2.503e-08   1.628e-03   8.372e-05   2.788e-04
  169    8125    7.615973e-01   2.579e-08   1.140e-03   7.602e-05   2.909e-04
  170    8183    7.615973e-01   2.630e-08   1.916e-04   6.148e-05   3.007e-04
  171    8235    7.615973e-01   2.722e-08   1.628e-03   8.418e-05   3.141e-04
  172    8291    7.615973e-01   2.774e-08   3.910e-04   6.195e-05   3.240e-04
  173    8346    7.615973e-01   2.805e-08   5.585e-04   4.888e-05   3.318e-04
  174    8401    7.615973e-01   2.835e-08   5.585e-04   4.867e-05   3.395e-04
  175    8445    7.615973e-01   3.799e-08   4.035e-02   1.412e-03   5.812e-04
  176    8495    7.615973e-01   3.170e-08   3.323e-03   2.280e-04   6.463e-04
  177    8548    7.615973e-01   3.103e-08   1.140e-03   7.296e-05   6.671e-04
  178    8604    7.615973e-01   3.049e-08   3.910e-04   6.678e-05   6.861e-04
  179    8656    7.615973e-01   2.959e-08   1.628e-03   8.515e-05   7.104e-04
  180    8712    7.615973e-01   2.913e-08   3.910e-04   6.180e-05   7.280e-04

                                                          Norm of First-order
 Iter F-count            f(x) Feasibility  Steplength        step  optimality
  181    8768    7.615973e-01   2.866e-08   3.910e-04   6.254e-05   7.458e-04
  182    8826    7.615973e-01   2.823e-08   1.916e-04   5.932e-05   7.627e-04
  183    8880    7.615973e-01   2.750e-08   7.979e-04   7.774e-05   7.848e-04
  184    8933    7.615973e-01   2.686e-08   1.140e-03   7.189e-05   8.053e-04
  185    8986    7.615973e-01   2.653e-08   1.140e-03   7.557e-05   8.268e-04
  186    9039    7.615973e-01   2.638e-08   1.140e-03   6.469e-05   8.452e-04
  187    9093    7.615973e-01   2.624e-08   7.979e-04   6.482e-05   8.637e-04
  188    9147    7.615973e-01   2.610e-08   7.979e-04   6.595e-05   8.824e-04
  189    9201    7.615973e-01   2.596e-08   7.979e-04   6.593e-05   9.012e-04
  190    9257    7.615973e-01   2.585e-08   3.910e-04   6.143e-05   9.186e-04
  191    9312    7.615973e-01   2.571e-08   5.585e-04   6.811e-05   9.380e-04
  192    9365    7.615973e-01   2.550e-08   1.140e-03   8.084e-05   9.610e-04
  193    9420    7.615973e-01   2.536e-08   5.585e-04   6.942e-05   9.807e-04
  194    9477    7.615973e-01   2.521e-08   2.737e-04   7.063e-05   1.001e-03
  195    9535    7.615973e-01   2.510e-08   1.916e-04   6.256e-05   1.019e-03
  196    9578    7.615972e-01   3.941e-08   5.765e-02   1.491e-03   1.442e-03
  197    9627    7.615972e-01   2.679e-08   4.748e-03   3.250e-04   1.534e-03
  198    9680    7.615972e-01   2.629e-08   1.140e-03   6.320e-05   1.552e-03
  199    9737    7.615972e-01   2.606e-08   2.737e-04   7.333e-05   1.572e-03
  200    9789    7.615972e-01   2.583e-08   1.628e-03   8.574e-05   1.597e-03
  201    9846    7.615972e-01   2.570e-08   2.737e-04   6.830e-05   1.616e-03
  202    9901    7.615972e-01   2.557e-08   5.585e-04   6.584e-05   1.635e-03
  203    9947    7.615972e-01   3.332e-08   1.977e-02   9.390e-04   1.900e-03
  204    9998    7.615972e-01   2.970e-08   2.326e-03   1.740e-04   1.949e-03
  205   10051    7.615972e-01   2.892e-08   1.140e-03   7.987e-05   1.972e-03
  206   10104    7.615972e-01   2.821e-08   1.140e-03   7.606e-05   1.993e-03
  207   10157    7.615972e-01   2.744e-08   1.140e-03   7.926e-05   2.016e-03
  208   10214    7.615972e-01   2.695e-08   2.737e-04   6.430e-05   2.034e-03
  209   10267    7.615972e-01   2.644e-08   1.140e-03   6.433e-05   2.052e-03
  210   10324    7.615972e-01   2.627e-08   2.737e-04   7.382e-05   2.073e-03

                                                          Norm of First-order
 Iter F-count            f(x) Feasibility  Steplength        step  optimality
  211   10382    7.615972e-01   2.619e-08   1.916e-04   5.705e-05   2.089e-03
  212   10428    7.615972e-01   3.294e-08   1.977e-02   8.842e-04   2.305e-03
  213   10480    7.615972e-01   3.133e-08   1.628e-03   1.154e-04   2.273e-03
  214   10531    7.615972e-01   2.891e-08   2.326e-03   1.420e-04   2.233e-03
  215   10586    7.615972e-01   2.825e-08   5.585e-04   7.418e-05   2.212e-03
  216   10641    7.615972e-01   2.769e-08   5.585e-04   6.841e-05   2.193e-03
  217   10686    7.615972e-01   3.502e-08   2.825e-02   9.756e-04   1.919e-03
  218   10737    7.615972e-01   3.146e-08   2.326e-03   1.731e-04   1.870e-03
  219   10789    7.615972e-01   2.922e-08   1.628e-03   1.373e-04   1.832e-03
  220   10844    7.615972e-01   2.852e-08   5.585e-04   7.652e-05   1.810e-03
  221   10897    7.615972e-01   2.770e-08   1.140e-03   8.293e-05   1.787e-03
  222   10950    7.615972e-01   2.690e-08   1.140e-03   8.125e-05   1.764e-03
  223   11002    7.615972e-01   2.629e-08   1.628e-03   8.419e-05   1.741e-03
  224   11059    7.615972e-01   2.617e-08   2.737e-04   6.775e-05   1.722e-03
  225   11113    7.615972e-01   2.603e-08   7.979e-04   6.929e-05   1.702e-03
  226   11169    7.615972e-01   2.594e-08   3.910e-04   5.929e-05   1.686e-03
  227   11222    7.615972e-01   2.582e-08   1.140e-03   6.069e-05   1.669e-03
  228   11274    7.615972e-01   2.562e-08   1.628e-03   8.358e-05   1.645e-03
  229   11331    7.615972e-01   2.551e-08   2.737e-04   6.290e-05   1.628e-03
  230   11385    7.615972e-01   2.534e-08   7.979e-04   7.967e-05   1.605e-03
  231   11439    7.615972e-01   2.524e-08   7.979e-04   5.844e-05   1.589e-03
  232   11494    7.615972e-01   2.515e-08   5.585e-04   5.937e-05   1.572e-03
  233   11538    7.615972e-01   3.510e-08   4.035e-02   1.255e-03   1.222e-03
  234   11588    7.615972e-01   2.890e-08   3.323e-03   2.303e-04   1.158e-03
  235   11641    7.615972e-01   2.730e-08   1.140e-03   1.166e-04   1.125e-03
  236   11697    7.615972e-01   2.693e-08   3.910e-04   5.563e-05   1.110e-03
  237   11750    7.615972e-01   2.631e-08   1.140e-03   7.171e-05   1.090e-03
  238   11808    7.615972e-01   2.601e-08   1.916e-04   5.739e-05   1.074e-03
  239   11853    7.615972e-01   4.017e-08   2.825e-02   1.131e-03   7.592e-04
  240   11902    7.615972e-01   2.625e-08   4.748e-03   3.502e-04   6.619e-04

                                                          Norm of First-order
 Iter F-count            f(x) Feasibility  Steplength        step  optimality
  241   11956    7.615972e-01   2.614e-08   7.979e-04   6.311e-05   6.443e-04
  242   12010    7.615972e-01   2.599e-08   7.979e-04   7.688e-05   6.230e-04
  243   12064    7.615972e-01   2.586e-08   7.979e-04   6.831e-05   6.040e-04
  244   12119    7.615972e-01   2.577e-08   5.585e-04   6.051e-05   5.872e-04
  245   12172    7.615972e-01   2.565e-08   1.140e-03   6.383e-05   5.695e-04
  246   12226    7.615972e-01   2.550e-08   7.979e-04   7.757e-05   5.480e-04
  247   12285    7.615972e-01   2.542e-08   1.341e-04   5.932e-05   5.315e-04
  248   12330    7.615972e-01   3.170e-08   2.825e-02   1.030e-03   4.021e-04
  249   12382    7.615972e-01   2.989e-08   1.628e-03   1.243e-04   3.894e-04
  250   12434    7.615972e-01   2.804e-08   1.628e-03   1.258e-04   3.765e-04
  251   12487    7.615972e-01   2.715e-08   1.140e-03   8.700e-05   3.676e-04
  252   12543    7.615972e-01   2.680e-08   3.910e-04   5.420e-05   3.621e-04
  253   12597    7.615972e-01   2.631e-08   7.979e-04   6.434e-05   3.556e-04
  254   12653    7.615972e-01   2.603e-08   3.910e-04   7.110e-05   3.484e-04
  255   12707    7.615972e-01   2.590e-08   7.979e-04   7.234e-05   3.410e-04
  256   12760    7.615972e-01   2.578e-08   1.140e-03   6.641e-05   3.343e-04
  257   12815    7.615972e-01   2.570e-08   5.585e-04   5.633e-05   3.287e-04
  258   12874    7.615972e-01   2.561e-08   1.341e-04   6.307e-05   3.223e-04
  259   12929    7.615972e-01   2.551e-08   5.585e-04   6.680e-05   3.190e-04
  260   12986    7.615972e-01   2.543e-08   2.737e-04   5.822e-05   3.290e-04
  261   13030    7.615972e-01   3.293e-08   4.035e-02   1.156e-03   5.307e-04
  262   13081    7.615972e-01   2.935e-08   2.326e-03   1.762e-04   5.614e-04
  263   13133    7.615972e-01   2.818e-08   1.628e-03   9.983e-05   5.789e-04
  264   13187    7.615971e-01   2.718e-08   7.979e-04   9.325e-05   5.952e-04
  265   13242    7.615971e-01   2.638e-08   5.585e-04   8.317e-05   6.097e-04
  266   13298    7.615971e-01   2.572e-08   3.910e-04   7.623e-05   6.231e-04
  267   13353    7.615971e-01   2.554e-08   5.585e-04   5.900e-05   6.334e-04
  268   13397    7.615971e-01   3.642e-08   4.035e-02   1.180e-03   8.412e-04
  269   13447    7.615971e-01   2.907e-08   3.323e-03   2.540e-04   8.860e-04
  270   13500    7.615971e-01   2.781e-08   1.140e-03   1.048e-04   9.078e-04

                                                          Norm of First-order
 Iter F-count            f(x) Feasibility  Steplength        step  optimality
  271   13554    7.615971e-01   2.584e-08   7.979e-04   1.315e-04   9.438e-04
  272   13608    7.615971e-01   2.543e-08   7.979e-04   5.963e-05   9.601e-04
  273   13654    7.615971e-01   3.159e-08   1.977e-02   8.334e-04   1.188e-03
  274   13705    7.615971e-01   2.776e-08   2.326e-03   1.836e-04   1.238e-03
  275   13757    7.615971e-01   2.656e-08   1.628e-03   1.018e-04   1.266e-03
  276   13814    7.615971e-01   2.588e-08   2.737e-04   7.758e-05   1.287e-03
  277   13872    7.615971e-01   2.855e-08   2.737e-04   2.722e-04   1.361e-03
  278   13907    7.615971e-01   6.091e-09   1.000e+00   1.398e-03   8.909e-04
  279   13942    7.615971e-01   7.050e-07   1.000e+00   7.747e-03   1.174e-03
  280   13981    7.615970e-01   4.012e-07   2.401e-01   5.290e-03   1.468e-03
  281   14023    7.615970e-01   7.815e-07   5.765e-02   3.022e-03   7.914e-04
  282   14067    7.615970e-01   8.651e-07   2.825e-02   9.509e-04   2.087e-04
  283   14115    7.615970e-01   9.055e-07   6.782e-03   6.318e-04   1.789e-04
  284   14163    7.615970e-01   9.581e-07   6.782e-03   7.144e-04   1.612e-04
  285   14211    7.615970e-01   1.005e-06   6.782e-03   6.818e-04   1.497e-04
  286   14258    7.615970e-01   1.066e-06   9.689e-03   7.924e-04   1.709e-04
  287   14306    7.615970e-01   1.116e-06   6.782e-03   7.136e-04   1.808e-04
  288   14353    7.615970e-01   1.178e-06   9.689e-03   8.059e-04   2.347e-04
  289   14400    7.615970e-01   1.243e-06   9.689e-03   8.243e-04   1.584e-04
  290   14447    7.615970e-01   1.291e-06   9.689e-03   7.384e-04   2.754e-04
  291   14494    7.615969e-01   1.347e-06   9.689e-03   7.862e-04   3.184e-04
  292   14541    7.615969e-01   1.392e-06   9.689e-03   7.290e-04   1.770e-04
  293   14588    7.615969e-01   1.446e-06   9.689e-03   7.812e-04   1.682e-04
  294   14635    7.615969e-01   1.492e-06   9.689e-03   7.433e-04   3.363e-04
  295   14681    7.615969e-01   1.550e-06   1.384e-02   8.460e-04   4.045e-04
  296   14727    7.615969e-01   1.638e-06   1.384e-02   1.002e-03   2.090e-04
  297   14773    7.615969e-01   1.717e-06   1.384e-02   9.618e-04   1.646e-04
  298   14819    7.615969e-01   1.770e-06   1.384e-02   8.417e-04   3.610e-04
  299   14865    7.615969e-01   1.834e-06   1.384e-02   9.055e-04   5.122e-04
  300   14910    7.615969e-01   1.929e-06   1.977e-02   1.097e-03   2.970e-04

                                                          Norm of First-order
 Iter F-count            f(x) Feasibility  Steplength        step  optimality
  301   14956    7.615969e-01   1.985e-06   1.384e-02   8.733e-04   1.290e-04
  302   15002    7.615969e-01   2.045e-06   1.384e-02   9.003e-04   2.342e-04
  303   15047    7.615969e-01   2.136e-06   1.977e-02   1.101e-03   5.162e-04
  304   15093    7.615969e-01   2.179e-06   1.384e-02   8.248e-04   6.515e-04
  305   15138    7.615969e-01   2.261e-06   1.977e-02   1.076e-03   4.114e-04
  306   15183    7.615969e-01   2.318e-06   1.977e-02   9.696e-04   2.201e-04
  307   15229    7.615969e-01   2.365e-06   1.384e-02   8.616e-04   1.417e-04
  308   15274    7.615968e-01   2.439e-06   1.977e-02   1.059e-03   3.611e-04
  309   15319    7.615968e-01   2.527e-06   1.977e-02   1.128e-03   6.484e-04
  310   15364    7.615968e-01   2.586e-06   1.977e-02   1.009e-03   8.029e-04
  311   15409    7.615968e-01   2.641e-06   1.977e-02   9.986e-04   5.491e-04
  312   15454    7.615968e-01   2.699e-06   1.977e-02   1.017e-03   3.324e-04
  313   15499    7.615968e-01   2.758e-06   1.977e-02   1.029e-03   1.279e-04
  314   15544    7.615968e-01   2.808e-06   1.977e-02   9.947e-04   2.222e-04
  315   15589    7.615968e-01   2.855e-06   1.977e-02   9.841e-04   4.713e-04
  316   15634    7.615968e-01   2.920e-06   1.977e-02   1.073e-03   7.426e-04
  317   15678    7.615968e-01   3.017e-06   2.825e-02   1.305e-03   9.415e-04
  318   15722    7.615968e-01   3.121e-06   2.825e-02   1.342e-03   6.030e-04
  319   15766    7.615968e-01   3.191e-06   2.825e-02   1.231e-03   3.160e-04
  320   15810    7.615968e-01   3.286e-06   2.825e-02   1.334e-03   9.404e-05
  321   15854    7.615968e-01   3.327e-06   2.825e-02   1.135e-03   3.277e-04
  322   15898    7.615968e-01   3.434e-06   2.825e-02   1.390e-03   6.763e-04
  323   15942    7.615967e-01   3.480e-06   2.825e-02   1.179e-03   9.717e-04
  324   15986    7.615967e-01   3.537e-06   2.825e-02   1.227e-03   1.098e-03
  325   16030    7.615967e-01   3.596e-06   2.825e-02   1.242e-03   7.877e-04
  326   16074    7.615967e-01   3.638e-06   2.825e-02   1.184e-03   4.922e-04
  327   16118    7.615967e-01   3.683e-06   2.825e-02   1.203e-03   2.174e-04
  328   16162    7.615967e-01   3.725e-06   2.825e-02   1.195e-03   1.056e-04
  329   16206    7.615967e-01   3.770e-06   2.825e-02   1.217e-03   4.084e-04
  330   16249    7.615967e-01   3.880e-06   4.035e-02   1.607e-03   8.078e-04

                                                          Norm of First-order
 Iter F-count            f(x) Feasibility  Steplength        step  optimality
  331   16292    7.615967e-01   3.970e-06   4.035e-02   1.563e-03   1.184e-03
  332   16335    7.615967e-01   4.042e-06   4.035e-02   1.516e-03   8.083e-04
  333   16378    7.615967e-01   4.111e-06   4.035e-02   1.517e-03   4.326e-04
  334   16421    7.615967e-01   4.163e-06   4.035e-02   1.475e-03   1.057e-04
  335   16464    7.615967e-01   4.226e-06   4.035e-02   1.517e-03   3.070e-04
  336   16507    7.615966e-01   4.274e-06   4.035e-02   1.480e-03   6.722e-04
  337   16550    7.615966e-01   4.313e-06   4.035e-02   1.457e-03   1.031e-03
  338   16593    7.615966e-01   4.351e-06   4.035e-02   1.461e-03   1.253e-03
  339   16636    7.615966e-01   4.383e-06   4.035e-02   1.444e-03   8.981e-04
  340   16675    7.615966e-01   2.016e-06   2.401e-01   4.528e-03   2.078e-04
  341   16714    7.615966e-01   1.923e-06   2.401e-01   3.935e-03   1.172e-03
  342   16754    7.615966e-01   2.059e-06   1.681e-01   3.250e-03   1.592e-03
  343   16794    7.615965e-01   2.236e-06   1.681e-01   3.353e-03   7.737e-04
  344   16834    7.615965e-01   2.404e-06   1.681e-01   3.348e-03   5.583e-05
  345   16874    7.615965e-01   2.549e-06   1.681e-01   3.328e-03   8.511e-04
  346   16914    7.615965e-01   2.642e-06   1.681e-01   3.276e-03   1.468e-03
  347   16954    7.615965e-01   2.748e-06   1.681e-01   3.273e-03   6.744e-04
  348   16994    7.615965e-01   2.825e-06   1.681e-01   3.245e-03   1.118e-04
  349   17034    7.615965e-01   2.846e-06   1.681e-01   3.180e-03   8.812e-04
  350   17074    7.615964e-01   2.900e-06   1.681e-01   3.186e-03   1.432e-03
  351   17114    7.615964e-01   2.927e-06   1.681e-01   3.156e-03   6.705e-04
  352   17154    7.615964e-01   2.969e-06   1.681e-01   3.150e-03   9.651e-05
  353   17194    7.615964e-01   2.945e-06   1.681e-01   3.080e-03   8.307e-04
  354   17234    7.615964e-01   2.928e-06   1.681e-01   3.053e-03   1.413e-03
  355   17274    7.615964e-01   2.933e-06   1.681e-01   3.052e-03   6.797e-04
  356   17314    7.615964e-01   2.958e-06   1.681e-01   3.054e-03   7.419e-05
  357   17354    7.615964e-01   2.878e-06   1.681e-01   2.943e-03   7.587e-04
  358   17394    7.615964e-01   2.912e-06   1.681e-01   2.999e-03   1.441e-03
  359   17434    7.615963e-01   2.837e-06   1.681e-01   2.903e-03   7.468e-04
  360   17474    7.615963e-01   2.775e-06   1.681e-01   2.867e-03   6.240e-05

                                                          Norm of First-order
 Iter F-count            f(x) Feasibility  Steplength        step  optimality
  361   17514    7.615963e-01   2.748e-06   1.681e-01   2.871e-03   6.221e-04
  362   17554    7.615963e-01   2.679e-06   1.681e-01   2.808e-03   1.291e-03
  363   17594    7.615963e-01   2.576e-06   1.681e-01   2.727e-03   1.387e-03
  364   17634    7.615963e-01   2.560e-06   1.681e-01   2.774e-03   7.283e-04
  365   17674    7.615963e-01   2.457e-06   1.681e-01   2.668e-03   9.544e-05
  366   17714    7.615963e-01   2.445e-06   1.681e-01   2.715e-03   5.479e-04
  367   17754    7.615963e-01   2.342e-06   1.681e-01   2.603e-03   1.164e-03
  368   17794    7.615963e-01   2.300e-06   1.681e-01   2.622e-03   1.351e-03
  369   17834    7.615963e-01   2.251e-06   1.681e-01   2.598e-03   7.373e-04
  370   17874    7.615963e-01   2.173e-06   1.681e-01   2.532e-03   1.400e-04
  371   17914    7.615962e-01   2.142e-06   1.681e-01   2.552e-03   4.613e-04
  372   17954    7.615962e-01   2.102e-06   1.681e-01   2.526e-03   1.056e-03
  373   17994    7.615962e-01   2.075e-06   1.681e-01   2.516e-03   1.269e-03
  374   18034    7.615962e-01   2.046e-06   1.681e-01   2.495e-03   6.824e-04
  375   18074    7.615962e-01   2.024e-06   1.681e-01   2.483e-03   9.940e-05
  376   18114    7.615962e-01   1.991e-06   1.681e-01   2.452e-03   4.759e-04
  377   18154    7.615962e-01   1.976e-06   1.681e-01   2.450e-03   1.050e-03
  378   18194    7.615962e-01   1.952e-06   1.681e-01   2.426e-03   1.203e-03
  379   18234    7.615962e-01   1.934e-06   1.681e-01   2.411e-03   6.387e-04
  380   18274    7.615962e-01   1.891e-06   1.681e-01   2.362e-03   8.641e-05
  381   18314    7.615962e-01   1.847e-06   1.681e-01   2.331e-03   4.580e-04
  382   18354    7.615962e-01   1.839e-06   1.681e-01   2.349e-03   1.006e-03
  383   18394    7.615962e-01   1.761e-06   1.681e-01   2.244e-03   1.150e-03
  384   18434    7.615962e-01   1.752e-06   1.681e-01   2.286e-03   6.170e-04
  385   18474    7.615962e-01   1.650e-06   1.681e-01   2.142e-03   1.184e-04
  386   18514    7.615962e-01   1.617e-06   1.681e-01   2.189e-03   3.949e-04
  387   18554    7.615962e-01   1.518e-06   1.681e-01   2.061e-03   8.700e-04
  388   18594    7.615962e-01   1.464e-06   1.681e-01   2.082e-03   1.091e-03
  389   18634    7.615962e-01   1.390e-06   1.681e-01   2.017e-03   6.222e-04
  390   18674    7.615962e-01   1.337e-06   1.681e-01   2.009e-03   1.560e-04

                                                          Norm of First-order
 Iter F-count            f(x) Feasibility  Steplength        step  optimality
  391   18714    7.615961e-01   1.268e-06   1.681e-01   1.945e-03   3.019e-04
  392   18754    7.615961e-01   1.233e-06   1.681e-01   1.967e-03   7.509e-04
  393   18794    7.615961e-01   1.185e-06   1.681e-01   1.920e-03   9.727e-04
  394   18834    7.615961e-01   1.176e-06   1.681e-01   1.957e-03   5.197e-04
  395   18874    7.615961e-01   1.117e-06   1.681e-01   1.848e-03   9.187e-05
  396   18914    7.615961e-01   1.098e-06   1.681e-01   1.886e-03   3.444e-04
  397   18954    7.615961e-01   1.094e-06   1.681e-01   1.899e-03   7.835e-04
  398   18994    7.615961e-01   1.076e-06   1.681e-01   1.864e-03   8.641e-04
  399   19034    7.615961e-01   1.102e-06   1.681e-01   1.910e-03   4.227e-04
  400   19074    7.615961e-01   1.073e-06   1.681e-01   1.826e-03   5.021e-05
  401   19114    7.615961e-01   1.074e-06   1.681e-01   1.844e-03   4.248e-04
  402   19154    7.615961e-01   1.111e-06   1.681e-01   1.885e-03   8.556e-04
  403   19194    7.615961e-01   1.082e-06   1.681e-01   1.793e-03   4.421e-04
  404   19234    7.615961e-01   1.032e-06   1.681e-01   1.713e-03   4.707e-05
  405   19274    7.615961e-01   1.040e-06   1.681e-01   1.774e-03   3.617e-04
  406   19314    7.615961e-01   1.019e-06   1.681e-01   1.729e-03   7.600e-04
  407   19353    7.615961e-01   1.062e-06   2.401e-01   2.124e-03   8.612e-04
  408   19392    7.615961e-01   9.790e-07   2.401e-01   1.924e-03   4.187e-04
  409   19431    7.615961e-01   8.950e-07   2.401e-01   1.823e-03   5.082e-05
  410   19470    7.615961e-01   8.717e-07   2.401e-01   1.853e-03   4.336e-04
  411   19509    7.615961e-01   7.940e-07   2.401e-01   1.726e-03   8.113e-04
  412   19547    7.615961e-01   7.738e-07   3.430e-01   2.105e-03   3.287e-04
  413   19585    7.615961e-01   6.619e-07   3.430e-01   1.878e-03   1.523e-04
  414   19623    7.615961e-01   6.372e-07   3.430e-01   1.890e-03   5.475e-04
  415   19661    7.615961e-01   5.433e-07   3.430e-01   1.722e-03   6.438e-04
  416   19699    7.615961e-01   5.290e-07   3.430e-01   1.759e-03   2.419e-04
  417   19737    7.615961e-01   4.788e-07   3.430e-01   1.676e-03   1.974e-04
  418   19776    7.615961e-01   4.479e-07   2.401e-01   1.356e-03   4.807e-04
  419   19816    7.615961e-01   4.322e-07   1.681e-01   1.149e-03   4.867e-04
  420   19856    7.615961e-01   4.328e-07   1.681e-01   1.209e-03   2.108e-04

                                                          Norm of First-order
 Iter F-count            f(x) Feasibility  Steplength        step  optimality
  421   19897    7.615961e-01   4.340e-07   1.176e-01   1.018e-03   8.867e-05
  422   19938    7.615961e-01   4.174e-07   1.176e-01   9.649e-04   2.897e-04
  423   19980    7.615961e-01   4.114e-07   8.235e-02   8.222e-04   4.189e-04
  424   20021    7.615961e-01   4.250e-07   1.176e-01   1.073e-03   1.738e-04
  425   20063    7.615961e-01   4.215e-07   8.235e-02   8.472e-04   8.464e-05
  426   20105    7.615961e-01   4.111e-07   8.235e-02   8.133e-04   2.536e-04
  427   20146    7.615961e-01   4.090e-07   1.176e-01   1.020e-03   4.358e-04
  428   20188    7.615961e-01   3.987e-07   8.235e-02   7.956e-04   2.539e-04
  429   20228    7.615961e-01   3.878e-07   1.681e-01   1.176e-03   7.641e-05
  430   20268    7.615961e-01   3.826e-07   1.681e-01   1.158e-03   3.162e-04
  431   20307    7.615961e-01   3.638e-07   2.401e-01   1.327e-03   4.949e-04
  432   20345    7.615961e-01   3.483e-07   3.430e-01   1.536e-03   1.436e-04
  433   20381    7.615961e-01   3.557e-07   7.000e-01   2.093e-03   3.583e-04
  434   20416    7.615961e-01   1.480e-07   1.000e+00   1.876e-03   4.411e-04
  435   20450    7.615961e-01   8.532e-08   1.000e+00   8.566e-04   2.454e-04
  436   20484    7.615961e-01   5.206e-08   1.000e+00   6.667e-04   9.337e-05
  437   20520    7.615961e-01   4.077e-09   7.000e-01   9.029e-04   1.585e-04
  438   20559    7.615961e-01   4.376e-09   2.401e-01   3.837e-04   1.444e-04
  439   20603    7.615961e-01   4.925e-09   4.035e-02   2.324e-04   9.149e-05
  440   20649    7.615961e-01   4.650e-09   1.384e-02   2.820e-04   5.091e-05
  441   20689    7.615961e-01   6.958e-09   1.681e-01   6.525e-04   5.042e-05
  442   20732    7.615961e-01   8.698e-09   4.035e-02   3.569e-04   4.980e-05
  443   20782    7.615961e-01   8.914e-09   3.323e-03   4.510e-05   5.077e-05
  444   20834    7.615961e-01   9.169e-09   1.628e-03   4.718e-05   4.973e-05
  445   20871    7.615961e-01   2.204e-09   4.900e-01   8.136e-04   2.065e-04
  446   20914    7.615961e-01   4.059e-09   5.765e-02   3.332e-04   1.759e-04
  447   20958    7.615961e-01   5.561e-09   4.035e-02   2.939e-04   1.500e-04
  448   21002    7.615961e-01   7.154e-09   4.035e-02   3.001e-04   1.254e-04
  449   21046    7.615961e-01   6.471e-09   2.825e-02   3.324e-04   1.074e-04
  450   21095    7.615961e-01   6.701e-09   4.748e-03   4.638e-05   1.039e-04

                                                          Norm of First-order
 Iter F-count            f(x) Feasibility  Steplength        step  optimality
  451   21131    7.615961e-01   5.187e-09   7.000e-01   9.086e-04   5.643e-05
  452   21173    7.615961e-01   6.640e-09   8.235e-02   3.652e-04   5.928e-05
  453   21212    7.615961e-01   8.597e-09   2.401e-01   5.551e-04   8.412e-05
  454   21253    7.615961e-01   9.995e-09   1.176e-01   4.057e-04   6.334e-05
  455   21294    7.615961e-01   1.070e-08   1.176e-01   3.784e-04   1.172e-04
  456   21335    7.615961e-01   1.071e-08   1.176e-01   3.384e-04   5.771e-05
  457   21377    7.615961e-01   1.099e-08   8.235e-02   2.976e-04   8.176e-05
  458   21419    7.615961e-01   1.120e-08   8.235e-02   2.927e-04   1.295e-04
  459   21458    7.615961e-01   1.176e-08   2.401e-01   4.873e-04   5.555e-05
  460   21498    7.615961e-01   1.141e-08   1.681e-01   3.591e-04   1.148e-04
  461   21539    7.615961e-01   1.136e-08   1.176e-01   3.028e-04   1.250e-04
  462   21578    7.615961e-01   1.101e-08   2.401e-01   4.105e-04   5.751e-05
  463   21620    7.615961e-01   2.317e-09   5.765e-02   3.261e-04   9.703e-05
  464   21658    7.615961e-01   1.312e-09   3.430e-01   4.477e-04   1.020e-04
  465   21703    7.615961e-01   1.432e-09   2.825e-02   1.131e-04   7.613e-05
  466   21750    7.615961e-01   8.344e-10   9.689e-03   1.367e-04   5.962e-05
  467   21803    7.615961e-01   8.477e-10   1.140e-03   1.142e-05   5.934e-05
  468   21837    7.615961e-01   4.439e-10   1.000e+00   6.161e-05   5.779e-05
  469   21872    7.615961e-01   2.481e-10   1.000e+00   3.158e-04   5.970e-05
  470   21910    7.615961e-01   3.793e-09   3.430e-01   4.348e-04   1.132e-04
  471   21949    7.615961e-01   6.078e-09   2.401e-01   3.579e-04   5.938e-05
  472   21987    7.615961e-01   6.387e-09   3.430e-01   3.547e-04   1.040e-04
  473   22022    7.615961e-01   7.388e-09   1.000e+00   5.581e-04   2.193e-04
  474   22057    7.615961e-01   1.429e-09   1.000e+00   3.240e-04   2.386e-04
  475   22092    7.615961e-01   2.422e-09   1.000e+00   3.804e-04   1.516e-04
  476   22131    7.615961e-01   4.139e-09   2.401e-01   2.864e-04   8.606e-05
  477   22171    7.615961e-01   4.957e-09   1.681e-01   2.630e-04   5.503e-05
  478   22212    7.615961e-01   6.031e-09   1.176e-01   2.449e-04   8.146e-05
  479   22248    7.615961e-01   1.113e-08   7.000e-01   5.634e-04   7.929e-05
  480   22287    7.615961e-01   1.283e-08   2.401e-01   3.305e-04   5.715e-05

                                                          Norm of First-order
 Iter F-count            f(x) Feasibility  Steplength        step  optimality
  481   22323    7.615961e-01   1.319e-08   7.000e-01   5.056e-04   6.552e-05
  482   22358    7.615961e-01   7.890e-09   1.000e+00   4.753e-04   9.374e-05
  483   22392    7.615961e-01   1.198e-09   1.000e+00   1.020e-04   5.635e-05
  484   22430    7.615961e-01   1.405e-09   3.430e-01   2.904e-04   5.874e-05
  485   22465    7.615961e-01   9.140e-11   1.000e+00   1.532e-04   5.397e-05
  486   22502    7.615961e-01   1.774e-09   4.900e-01   3.255e-04   5.578e-05
  487   22544    7.615961e-01   2.539e-09   8.235e-02   1.861e-04   5.657e-05
  488   22589    7.615961e-01   1.389e-09   1.977e-02   1.839e-04   5.738e-05
  489   22626    7.615961e-01   4.070e-09   4.900e-01   4.615e-04   6.164e-05
  490   22664    7.615961e-01   4.587e-09   3.430e-01   3.233e-04   6.166e-05
  491   22705    7.615961e-01   5.843e-09   1.176e-01   2.397e-04   6.124e-05
  492   22745    7.615961e-01   6.590e-09   1.681e-01   2.696e-04   5.994e-05
  493   22783    7.615961e-01   7.165e-09   3.430e-01   3.691e-04   7.126e-05
  494   22826    7.615961e-01   7.786e-09   5.765e-02   1.839e-04   7.043e-05
  495   22866    7.615961e-01   9.473e-09   1.681e-01   3.241e-04   9.254e-05
  496   22906    7.615961e-01   1.067e-08   1.681e-01   3.216e-04   1.167e-04
  497   22948    7.615961e-01   3.598e-09   5.765e-02   3.444e-04   1.087e-04
  498   22992    7.615961e-01   4.286e-09   2.825e-02   8.262e-05   7.436e-05
  499   23030    7.615961e-01   1.047e-08   3.430e-01   5.906e-04   1.650e-04
  500   23072    7.615961e-01   1.372e-08   8.235e-02   3.065e-04   1.649e-04
  501   23113    7.615961e-01   2.005e-08   1.176e-01   4.057e-04   1.817e-04
  502   23155    7.615961e-01   1.975e-08   5.765e-02   5.712e-04   1.511e-04
  503   23193    7.615961e-01   1.504e-08   3.430e-01   3.379e-04   2.170e-04
  504   23228    7.615961e-01   3.977e-08   1.000e+00   1.239e-03   4.847e-04
  505   23268    7.615961e-01   5.420e-08   1.681e-01   6.311e-04   5.205e-04
  506   23309    7.615961e-01   3.903e-08   8.235e-02   8.446e-04   4.434e-04
  507   23347    7.615961e-01   1.497e-08   3.430e-01   4.736e-04   5.585e-04
  508   23385    7.615961e-01   4.697e-08   3.430e-01   1.051e-03   2.455e-04
  509   23425    7.615961e-01   8.066e-08   1.176e-01   9.705e-04   8.083e-05
  510   23464    7.615961e-01   5.211e-08   2.401e-01   9.480e-04   2.549e-04

                                                          Norm of First-order
 Iter F-count            f(x) Feasibility  Steplength        step  optimality
  511   23504    7.615961e-01   1.125e-07   1.681e-01   1.042e-03   2.067e-04
  512   23544    7.615961e-01   1.843e-07   1.176e-01   1.440e-03   1.627e-04
  513   23582    7.615961e-01   1.598e-07   3.430e-01   1.090e-03   1.599e-04
  514   23621    7.615961e-01   2.533e-07   2.401e-01   1.511e-03   4.613e-04
  515   23661    7.615961e-01   3.418e-07   1.681e-01   1.254e-03   1.278e-04
  516   23700    7.615961e-01   5.037e-07   1.681e-01   2.278e-03   2.932e-04
  517   23736    7.615961e-01   4.620e-07   7.000e-01   1.279e-03   1.026e-04
  518   23771    7.615961e-01   6.734e-07   1.000e+00   3.708e-03   7.644e-04
  519   23810    7.615961e-01   8.714e-07   2.401e-01   1.752e-03   4.220e-04
  520   23849    7.615961e-01   1.732e-06   1.681e-01   3.665e-03   3.351e-04
  521   23883    7.615961e-01   2.561e-07   1.000e+00   1.124e-03   2.377e-04
  522   23917    7.615960e-01   2.504e-06   1.000e+00   3.550e-03   3.925e-04
  523   23951    7.615960e-01   8.307e-06   1.000e+00   6.358e-03   1.984e-03
  524   23985    7.615960e-01   3.402e-06   1.000e+00   4.240e-03   1.680e-03
  525   24019    7.615960e-01   1.861e-05   1.000e+00   9.877e-03   9.218e-04
  526   24053    7.615960e-01   7.192e-07   1.000e+00   1.625e-03   4.290e-04
  527   24087    7.615960e-01   2.609e-06   1.000e+00   3.842e-03   1.141e-03
  528   24121    7.615959e-01   2.351e-05   1.000e+00   1.171e-02   2.016e-03
  529   24155    7.615959e-01   5.741e-06   1.000e+00   5.232e-03   5.301e-04
  530   24189    7.615959e-01   1.075e-05   1.000e+00   7.662e-03   9.335e-04
  531   24223    7.615959e-01   3.477e-05   1.000e+00   1.328e-02   2.592e-03
  532   24257    7.615959e-01   3.284e-07   1.000e+00   1.077e-03   4.029e-04
  533   24291    7.615959e-01   3.824e-08   1.000e+00   3.606e-04   2.078e-04
  534   24325    7.615959e-01   5.513e-07   1.000e+00   1.524e-03   2.735e-04
  535   24359    7.615959e-01   7.761e-08   1.000e+00   5.944e-04   2.274e-04
  536   24393    7.615959e-01   2.021e-08   1.000e+00   3.134e-04   2.552e-04
  537   24427    7.615959e-01   2.053e-09   1.000e+00   9.106e-05   2.104e-04
  538   24467    7.615959e-01   2.002e-09   1.176e-01   2.952e-05   2.048e-04
  539   24503    7.615959e-01   6.774e-10   7.000e-01   9.219e-04   1.433e-04
  540   24538    7.615959e-01   2.715e-11   1.000e+00   3.903e-04   1.379e-04

                                                          Norm of First-order
 Iter F-count            f(x) Feasibility  Steplength        step  optimality
  541   24573    7.615959e-01   1.473e-11   1.000e+00   1.325e-04   1.503e-04
  542   24607    7.615959e-01   2.298e-11   1.000e+00   1.077e-05   1.485e-04
  543   24643    7.615959e-01   4.356e-11   7.000e-01   1.886e-04   1.511e-04
  544   24677    7.615959e-01   1.876e-12   1.000e+00   2.964e-06   1.508e-04
  545   24712    7.615959e-01   4.553e-11   1.000e+00   2.055e-04   1.583e-04
  546   24747    7.615959e-01   6.510e-12   1.000e+00   1.385e-04   1.648e-04
  547   24781    7.615959e-01   1.431e-09   1.000e+00   9.143e-05   1.486e-04
  548   24816    7.615959e-01   4.142e-10   1.000e+00   4.946e-04   1.778e-04
  549   24851    7.615959e-01   1.218e-09   1.000e+00   6.713e-04   2.895e-04
  550   24887    7.615959e-01   8.901e-09   7.000e-01   1.094e-03   5.518e-04
  551   24922    7.615959e-01   1.481e-08   1.000e+00   1.281e-03   9.904e-04
  552   24957    7.615959e-01   5.900e-08   1.000e+00   1.840e-03   1.315e-03
  553   24992    7.615959e-01   2.112e-08   1.000e+00   1.345e-03   1.295e-03
  554   25029    7.615959e-01   5.679e-08   4.900e-01   6.394e-04   7.355e-04
  555   25065    7.615959e-01   4.769e-07   4.900e-01   1.708e-03   1.970e-04
  556   25102    7.615959e-01   3.008e-07   4.900e-01   3.165e-03   1.163e-03
  557   25140    7.615959e-01   3.617e-07   3.430e-01   2.085e-03   1.947e-03
  558   25177    7.615959e-01   7.531e-07   4.900e-01   2.724e-03   2.953e-03
  559   25213    7.615959e-01   9.126e-07   7.000e-01   2.603e-03   3.549e-03
  560   25247    7.615959e-01   2.575e-07   1.000e+00   1.296e-03   3.046e-03
  561   25282    7.615959e-01   2.346e-07   1.000e+00   1.390e-03   2.632e-03
  562   25319    7.615959e-01   2.821e-07   4.900e-01   1.546e-03   2.069e-03
  563   25356    7.615959e-01   5.004e-07   4.900e-01   1.851e-03   1.562e-03
  564   25393    7.615959e-01   5.875e-07   4.900e-01   1.970e-03   1.369e-03
  565   25430    7.615959e-01   7.578e-07   4.900e-01   2.904e-03   1.025e-03
  566   25467    7.615959e-01   1.216e-06   4.900e-01   4.444e-03   9.675e-04
  567   25505    7.615959e-01   1.918e-06   3.430e-01   4.986e-03   1.225e-03
  568   25542    7.615959e-01   2.157e-06   4.900e-01   5.531e-03   1.333e-03
  569   25577    7.615959e-01   7.917e-07   1.000e+00   5.281e-03   1.141e-03
  570   25611    7.615959e-01   2.189e-07   1.000e+00   1.104e-03   1.146e-03

                                                          Norm of First-order
 Iter F-count            f(x) Feasibility  Steplength        step  optimality
  571   25648    7.615959e-01   3.753e-07   4.900e-01   2.712e-03   9.383e-04
  572   25685    7.615959e-01   5.832e-07   4.900e-01   2.779e-03   1.130e-03
  573   25725    7.615959e-01   5.896e-07   1.681e-01   1.529e-03   1.223e-03
  574   25761    7.615959e-01   6.967e-07   7.000e-01   3.103e-03   1.876e-03
  575   25802    7.615959e-01   7.271e-07   1.176e-01   1.544e-03   1.976e-03
  576   25836    7.615959e-01   5.276e-07   1.000e+00   1.807e-03   1.181e-03
  577   25873    7.615959e-01   5.281e-07   4.900e-01   2.265e-03   9.243e-04
  578   25910    7.615959e-01   4.515e-07   4.900e-01   1.951e-03   9.477e-04
  579   25944    7.615959e-01   3.971e-07   1.000e+00   1.535e-03   5.234e-04
  580   25980    7.615959e-01   2.685e-07   7.000e-01   1.971e-03   1.021e-03
  581   26014    7.615959e-01   1.912e-08   1.000e+00   3.340e-04   2.104e-04
  582   26048    7.615959e-01   1.097e-10   1.000e+00   2.554e-05   5.331e-05
  583   26082    7.615959e-01   1.081e-08   1.000e+00   2.407e-04   3.359e-05
  584   26116    7.615959e-01   5.318e-09   1.000e+00   1.581e-04   4.000e-05
  585   26150    7.615959e-01   6.746e-08   1.000e+00   5.136e-04   2.037e-04
  586   26184    7.615959e-01   1.824e-07   1.000e+00   9.643e-04   3.411e-04
  587   26219    7.615959e-01   4.145e-08   1.000e+00   1.488e-03   5.144e-04
  588   26253    7.615959e-01   2.435e-07   1.000e+00   1.092e-03   4.693e-04
  589   26287    7.615959e-01   2.112e-08   1.000e+00   3.168e-04   1.372e-04
  590   26324    7.615959e-01   1.388e-08   3.430e-01   1.375e-04   1.482e-04
  591   26360    7.615959e-01   1.128e-08   4.900e-01   2.177e-04   1.838e-04
  592   26397    7.615959e-01   1.047e-08   4.900e-01   4.095e-04   1.779e-04
  593   26432    7.615959e-01   9.485e-09   1.000e+00   4.355e-04   1.944e-04
  594   26466    7.615959e-01   6.790e-09   1.000e+00   1.922e-04   1.794e-04
  595   26504    7.615959e-01   1.231e-08   3.430e-01   4.946e-04   1.617e-04
  596   26538    7.615959e-01   1.470e-08   1.000e+00   2.647e-04   5.758e-05
  597   26572    7.615959e-01   1.912e-09   1.000e+00   9.488e-05   1.697e-05
  598   26610    7.615959e-01   1.163e-09   3.430e-01   1.263e-04   2.662e-05
  599   26644    7.615959e-01   9.996e-11   1.000e+00   2.750e-05   1.980e-05
  600   26678    7.615959e-01   4.101e-10   1.000e+00   4.080e-05   1.144e-05

                                                          Norm of First-order
 Iter F-count            f(x) Feasibility  Steplength        step  optimality
  601   26712    7.615959e-01   4.199e-11   1.000e+00   1.406e-05   3.000e-06
  602   26746    7.615959e-01   1.401e-11   1.000e+00   8.531e-06   1.022e-06
  603   26783    7.615959e-01   7.176e-12   4.900e-01   1.131e-05   2.736e-06
  604   26821    7.615959e-01   5.821e-12   2.401e-01   1.344e-06   2.319e-06
  605   26856    7.615959e-01   7.300e-15   1.000e+00   9.931e-06   1.252e-06
  606   26890    7.615959e-01   1.744e-12   1.000e+00   3.464e-06   2.696e-07
  607   26924    7.615959e-01   8.955e-12   1.000e+00   7.139e-06   9.174e-07
  608   26958    7.615959e-01   2.864e-12   1.000e+00   3.843e-06   5.015e-07
  609   26993    7.615959e-01   1.566e-12   7.000e-01   1.952e-06   3.583e-07
  610   27032    7.615959e-01   1.382e-12   1.681e-01   6.151e-07   3.580e-07
  611   27066    7.615959e-01   1.631e-15   1.000e+00   9.630e-13   3.203e-08

Local minimum found that satisfies the constraints.

Optimization completed because the objective function is non-decreasing in 
feasible directions, to within the selected value of the function tolerance,
and constraints were satisfied to within the selected value of the constraint tolerance.




optimout = 

        nlpx: [33x1 double]
        fval: 0.7616
    exitflag: 1
      output: [1x1 struct]
      lambda: [1x1 struct]
        grad: [33x1 double]
     hessian: [33x33 double]
           t: [12x1 double]
           u: [12x1 double]
           p: []


optimparam = 

     optvar: 3
    objtype: []
      ncolx: 3
      ncolu: 2
         li: [3x1 double]
         tf: 1
         ui: [0 0 0]
        par: []
        bdu: []
        bdx: []
        bdp: []
     objfun: @objfun
     confun: []
    process: @process
    options: [1x1 struct]
        bdt: [1.0000e-03 1]
         ni: 3
         nu: 1
         nx: 2
         np: 0
        tau: [5x1 double]
        lfx: [5x4 double]
       dlfx: [5x4 double]
        lfu: [5x2 double]
          M: [2x2 double]
     dt_col: 3
     du_col: 6
     dx_col: 24
     dp_col: 0

diary off
