problem6


*********************  Running fminsdp  ********************** 

Calling NLP-solver fmincon for problem with no matrix inequality constraints.

                                                          Norm of First-order
 Iter F-count            f(x) Feasibility  Steplength        step  optimality
    0       1   -3.913019e-01   1.979e-02                           1.628e+00
    1       2   -4.002099e-01   1.489e-04   1.000e+00   9.433e-02   2.250e-02
    2       4   -4.378052e-01   3.889e-04   1.000e+00   4.515e-01   1.884e-02
    3       7   -4.700514e-01   1.217e-03   7.000e-01   7.802e-01   9.360e-02
    4       8   -4.755302e-01   2.005e-04   1.000e+00   4.929e-02   9.464e-03
    5       9   -4.757480e-01   1.710e-04   1.000e+00   3.403e-02   7.782e-03
    6      11   -4.760052e-01   1.454e-05   1.000e+00   6.001e-02   8.990e-03
    7      13   -4.761122e-01   1.881e-06   1.000e+00   2.458e-02   9.470e-03
    8      15   -4.762325e-01   6.452e-06   1.000e+00   3.654e-02   9.122e-03
    9      17   -4.762783e-01   2.767e-07   1.000e+00   1.788e-02   6.062e-03
   10      19   -4.763284e-01   5.637e-07   1.000e+00   2.094e-02   6.299e-03
   11      21   -4.763688e-01   1.951e-07   1.000e+00   1.434e-02   7.113e-03
   12      23   -4.763969e-01   4.312e-07   1.000e+00   1.584e-02   2.752e-03
   13      25   -4.764103e-01   5.210e-08   1.000e+00   9.255e-03   3.319e-03
   14      27   -4.764319e-01   2.099e-07   1.000e+00   1.752e-02   4.324e-03
   15      29   -4.764573e-01   2.566e-07   1.000e+00   2.152e-02   5.212e-03
   16      31   -4.764723e-01   8.090e-09   1.000e+00   6.807e-03   4.328e-03
   17      33   -4.764967e-01   2.356e-07   1.000e+00   2.139e-02   3.180e-03
   18      35   -4.765082e-01   1.119e-07   1.000e+00   1.291e-02   2.951e-03
   19      38   -4.765411e-01   3.496e-06   7.000e-01   3.860e-02   4.308e-03
   20      42   -4.765715e-01   5.340e-06   4.900e-01   3.821e-02   5.317e-03
   21      47   -4.765990e-01   6.348e-06   3.430e-01   3.432e-02   5.538e-03
   22      52   -4.766304e-01   1.041e-05   3.430e-01   3.986e-02   7.020e-03
   23      58   -4.766542e-01   1.037e-05   2.401e-01   2.959e-02   8.179e-03
   24      64   -4.766833e-01   1.310e-05   2.401e-01   3.510e-02   9.491e-03
   25      70   -4.767168e-01   1.876e-05   2.401e-01   4.009e-02   1.096e-02
   26      76   -4.767532e-01   2.419e-05   2.401e-01   4.240e-02   1.252e-02
   27      82   -4.767910e-01   2.522e-05   2.401e-01   4.118e-02   1.336e-02
   28      88   -4.768302e-01   2.202e-05   2.401e-01   3.782e-02   1.315e-02
   29      93   -4.768858e-01   2.601e-05   3.430e-01   4.865e-02   1.130e-02
   30      97   -4.769502e-01   2.599e-05   4.900e-01   5.267e-02   1.129e-02

                                                          Norm of First-order
 Iter F-count            f(x) Feasibility  Steplength        step  optimality
   31     100   -4.770138e-01   3.009e-05   7.000e-01   5.034e-02   8.747e-03
   32     102   -4.770733e-01   4.242e-05   1.000e+00   4.712e-02   9.437e-03
   33     104   -4.771296e-01   7.712e-06   1.000e+00   3.170e-02   1.318e-02
   34     106   -4.772094e-01   5.805e-06   1.000e+00   3.893e-02   1.711e-02
   35     108   -4.772676e-01   4.650e-06   1.000e+00   2.984e-02   1.298e-02
   36     110   -4.773278e-01   2.036e-05   1.000e+00   3.795e-02   7.952e-03
   37     112   -4.773889e-01   6.858e-06   1.000e+00   3.021e-02   6.830e-03
   38     114   -4.774162e-01   6.749e-07   1.000e+00   1.911e-02   4.089e-03
   39     116   -4.774230e-01   6.228e-07   1.000e+00   9.350e-03   3.527e-03
   40     118   -4.774277e-01   2.247e-07   1.000e+00   7.782e-03   2.801e-03
   41     120   -4.774316e-01   6.664e-08   1.000e+00   9.126e-03   1.460e-03
   42     122   -4.774335e-01   3.249e-08   1.000e+00   6.698e-03   1.151e-03
   43     124   -4.774343e-01   1.892e-08   1.000e+00   3.646e-03   6.947e-04
   44     126   -4.774350e-01   1.370e-08   1.000e+00   2.840e-03   5.626e-04
   45     128   -4.774359e-01   1.277e-08   1.000e+00   3.741e-03   7.265e-04
   46     130   -4.774367e-01   2.958e-09   1.000e+00   3.699e-03   1.135e-03
   47     132   -4.774372e-01   6.707e-09   1.000e+00   3.482e-03   1.028e-03
   48     134   -4.774377e-01   2.877e-08   1.000e+00   4.338e-03   1.052e-03
   49     137   -4.774382e-01   4.605e-08   7.000e-01   5.471e-03   1.071e-03
   50     140   -4.774389e-01   1.098e-07   7.000e-01   9.704e-03   9.015e-04
   51     143   -4.774395e-01   8.373e-08   7.000e-01   9.665e-03   7.324e-04
   52     145   -4.774401e-01   1.783e-07   1.000e+00   1.141e-02   9.636e-04
   53     147   -4.774405e-01   1.704e-08   1.000e+00   5.805e-03   8.395e-04
   54     149   -4.774411e-01   4.490e-08   1.000e+00   8.151e-03   8.614e-04
   55     152   -4.774417e-01   6.443e-08   7.000e-01   7.486e-03   1.001e-03
   56     157   -4.774422e-01   9.567e-08   3.430e-01   6.323e-03   1.127e-03
   57     163   -4.774427e-01   1.207e-07   2.401e-01   5.653e-03   1.183e-03
   58     169   -4.774432e-01   1.586e-07   2.401e-01   5.987e-03   1.186e-03
   59     175   -4.774437e-01   1.999e-07   2.401e-01   5.971e-03   1.169e-03
   60     181   -4.774442e-01   2.390e-07   2.401e-01   6.060e-03   1.271e-03

                                                          Norm of First-order
 Iter F-count            f(x) Feasibility  Steplength        step  optimality
   61     187   -4.774446e-01   2.836e-07   2.401e-01   6.369e-03   1.418e-03
   62     193   -4.774450e-01   3.424e-07   2.401e-01   6.885e-03   1.626e-03
   63     200   -4.774453e-01   3.368e-07   1.681e-01   5.254e-03   1.815e-03
   64     207   -4.774457e-01   3.599e-07   1.681e-01   6.086e-03   2.057e-03
   65     214   -4.774461e-01   4.116e-07   1.681e-01   6.858e-03   2.339e-03
   66     222   -4.774465e-01   4.058e-07   1.176e-01   5.161e-03   2.548e-03
   67     230   -4.774468e-01   4.123e-07   1.176e-01   5.605e-03   2.761e-03
   68     238   -4.774472e-01   4.279e-07   1.176e-01   5.946e-03   2.966e-03
   69     246   -4.774476e-01   4.457e-07   1.176e-01   6.116e-03   3.152e-03
   70     254   -4.774480e-01   4.750e-07   1.176e-01   6.190e-03   3.313e-03
   71     262   -4.774483e-01   5.024e-07   1.176e-01   6.198e-03   3.445e-03
   72     270   -4.774487e-01   5.251e-07   1.176e-01   6.178e-03   3.551e-03
   73     278   -4.774490e-01   5.427e-07   1.176e-01   6.147e-03   3.636e-03
   74     286   -4.774493e-01   5.557e-07   1.176e-01   6.124e-03   3.706e-03
   75     294   -4.774496e-01   5.647e-07   1.176e-01   6.116e-03   3.770e-03
   76     302   -4.774498e-01   5.702e-07   1.176e-01   6.130e-03   3.837e-03
   77     310   -4.774501e-01   5.727e-07   1.176e-01   6.170e-03   3.914e-03
   78     318   -4.774503e-01   5.725e-07   1.176e-01   6.235e-03   4.010e-03
   79     326   -4.774505e-01   5.695e-07   1.176e-01   6.324e-03   4.132e-03
   80     334   -4.774508e-01   5.635e-07   1.176e-01   6.435e-03   4.288e-03
   81     342   -4.774510e-01   5.543e-07   1.176e-01   6.565e-03   4.483e-03
   82     350   -4.774512e-01   5.417e-07   1.176e-01   6.712e-03   4.720e-03
   83     357   -4.774514e-01   5.768e-07   1.681e-01   9.876e-03   5.130e-03
   84     364   -4.774517e-01   5.442e-07   1.681e-01   1.005e-02   5.660e-03
   85     371   -4.774519e-01   4.778e-07   1.681e-01   9.997e-03   6.207e-03
   86     379   -4.774521e-01   4.234e-07   1.176e-01   7.141e-03   6.630e-03
   87     387   -4.774522e-01   3.911e-07   1.176e-01   7.475e-03   7.064e-03
   88     396   -4.774524e-01   3.697e-07   8.235e-02   5.614e-03   7.438e-03
   89     405   -4.774525e-01   3.681e-07   8.235e-02   5.973e-03   7.848e-03
   90     414   -4.774527e-01   3.870e-07   8.235e-02   6.422e-03   8.351e-03

                                                          Norm of First-order
 Iter F-count            f(x) Feasibility  Steplength        step  optimality
   91     424   -4.774528e-01   3.932e-07   5.765e-02   4.724e-03   8.757e-03
   92     434   -4.774529e-01   4.005e-07   5.765e-02   4.945e-03   9.203e-03
   93     444   -4.774531e-01   4.098e-07   5.765e-02   5.207e-03   9.675e-03
   94     454   -4.774532e-01   4.217e-07   5.765e-02   5.421e-03   1.017e-02
   95     464   -4.774534e-01   4.362e-07   5.765e-02   5.589e-03   1.067e-02
   96     474   -4.774535e-01   4.534e-07   5.765e-02   5.724e-03   1.119e-02
   97     484   -4.774537e-01   4.728e-07   5.765e-02   5.838e-03   1.172e-02
   98     494   -4.774539e-01   4.944e-07   5.765e-02   5.943e-03   1.225e-02
   99     504   -4.774541e-01   5.179e-07   5.765e-02   6.046e-03   1.280e-02
  100     514   -4.774543e-01   5.431e-07   5.765e-02   6.154e-03   1.336e-02
  101     524   -4.774545e-01   5.703e-07   5.765e-02   6.270e-03   1.392e-02
  102     534   -4.774547e-01   5.993e-07   5.765e-02   6.397e-03   1.450e-02
  103     544   -4.774549e-01   6.306e-07   5.765e-02   6.537e-03   1.509e-02
  104     555   -4.774551e-01   6.412e-07   4.035e-02   4.662e-03   1.551e-02
  105     566   -4.774553e-01   6.522e-07   4.035e-02   4.802e-03   1.595e-02
  106     577   -4.774555e-01   6.646e-07   4.035e-02   4.995e-03   1.640e-02
  107     588   -4.774557e-01   6.791e-07   4.035e-02   5.164e-03   1.686e-02
  108     599   -4.774559e-01   6.957e-07   4.035e-02   5.313e-03   1.734e-02
  109     610   -4.774562e-01   7.147e-07   4.035e-02   5.448e-03   1.783e-02
  110     621   -4.774564e-01   7.359e-07   4.035e-02   5.576e-03   1.833e-02
  111     632   -4.774567e-01   7.595e-07   4.035e-02   5.703e-03   1.885e-02
  112     643   -4.774569e-01   7.855e-07   4.035e-02   5.833e-03   1.937e-02
  113     654   -4.774572e-01   8.139e-07   4.035e-02   5.970e-03   1.991e-02
  114     665   -4.774576e-01   8.451e-07   4.035e-02   6.117e-03   2.046e-02
  115     676   -4.774579e-01   8.793e-07   4.035e-02   6.277e-03   2.103e-02
  116     687   -4.774582e-01   9.169e-07   4.035e-02   6.453e-03   2.162e-02
  117     698   -4.774586e-01   9.585e-07   4.035e-02   6.647e-03   2.222e-02
  118     709   -4.774590e-01   1.005e-06   4.035e-02   6.864e-03   2.284e-02
  119     720   -4.774594e-01   1.056e-06   4.035e-02   7.107e-03   2.348e-02
  120     731   -4.774599e-01   1.115e-06   4.035e-02   7.381e-03   2.415e-02

                                                          Norm of First-order
 Iter F-count            f(x) Feasibility  Steplength        step  optimality
  121     743   -4.774602e-01   1.141e-06   2.825e-02   5.359e-03   2.464e-02
  122     755   -4.774606e-01   1.171e-06   2.825e-02   5.627e-03   2.515e-02
  123     767   -4.774610e-01   1.208e-06   2.825e-02   5.929e-03   2.569e-02
  124     779   -4.774614e-01   1.251e-06   2.825e-02   6.232e-03   2.626e-02
  125     791   -4.774619e-01   1.303e-06   2.825e-02   6.543e-03   2.686e-02
  126     803   -4.774624e-01   1.365e-06   2.825e-02   6.871e-03   2.749e-02
  127     815   -4.774630e-01   1.437e-06   2.825e-02   7.230e-03   2.815e-02
  128     828   -4.774634e-01   1.474e-06   1.977e-02   5.317e-03   2.864e-02
  129     841   -4.774639e-01   1.521e-06   1.977e-02   5.663e-03   2.916e-02
  130     854   -4.774644e-01   1.578e-06   1.977e-02   6.033e-03   2.971e-02
  131     867   -4.774649e-01   1.648e-06   1.977e-02   6.428e-03   3.030e-02
  132     881   -4.774654e-01   1.687e-06   1.384e-02   4.783e-03   3.074e-02
  133     895   -4.774658e-01   1.740e-06   1.384e-02   5.140e-03   3.122e-02
  134     909   -4.774663e-01   1.810e-06   1.384e-02   5.470e-03   3.172e-02
  135     924   -4.774667e-01   1.847e-06   9.689e-03   4.045e-03   3.210e-02
  136     939   -4.774671e-01   1.896e-06   9.689e-03   4.326e-03   3.250e-02
  137     954   -4.774676e-01   1.956e-06   9.689e-03   4.575e-03   3.292e-02
  138     970   -4.774679e-01   1.986e-06   6.782e-03   3.378e-03   3.323e-02
  139     986   -4.774683e-01   2.026e-06   6.782e-03   3.625e-03   3.357e-02
  140    1002   -4.774687e-01   2.075e-06   6.782e-03   3.844e-03   3.393e-02
  141    1019   -4.774690e-01   2.100e-06   4.748e-03   2.851e-03   3.420e-02
  142    1036   -4.774693e-01   2.134e-06   4.748e-03   3.082e-03   3.448e-02
  143    1053   -4.774696e-01   2.167e-06   4.748e-03   3.096e-03   3.477e-02
  144    1070   -4.774700e-01   2.198e-06   4.748e-03   3.067e-03   3.506e-02
  145    1087   -4.774703e-01   2.227e-06   4.748e-03   3.040e-03   3.535e-02
  146    1104   -4.774706e-01   2.254e-06   4.748e-03   3.015e-03   3.563e-02
  147    1121   -4.774709e-01   2.280e-06   4.748e-03   2.990e-03   3.591e-02
  148    1138   -4.774713e-01   2.304e-06   4.748e-03   2.967e-03   3.620e-02
  149    1154   -4.774718e-01   2.359e-06   6.782e-03   4.202e-03   3.659e-02
  150    1170   -4.774722e-01   2.410e-06   6.782e-03   4.153e-03   3.699e-02

                                                          Norm of First-order
 Iter F-count            f(x) Feasibility  Steplength        step  optimality
  151    1186   -4.774727e-01   2.458e-06   6.782e-03   4.109e-03   3.738e-02
  152    1202   -4.774732e-01   2.504e-06   6.782e-03   4.066e-03   3.777e-02
  153    1218   -4.774737e-01   2.547e-06   6.782e-03   4.025e-03   3.815e-02
  154    1234   -4.774742e-01   2.588e-06   6.782e-03   3.986e-03   3.853e-02
  155    1250   -4.774747e-01   2.627e-06   6.782e-03   3.949e-03   3.891e-02
  156    1265   -4.774755e-01   2.717e-06   9.689e-03   5.582e-03   3.945e-02
  157    1280   -4.774762e-01   2.802e-06   9.689e-03   5.503e-03   3.997e-02
  158    1295   -4.774770e-01   2.882e-06   9.689e-03   5.429e-03   4.050e-02
  159    1310   -4.774777e-01   2.959e-06   9.689e-03   5.358e-03   4.101e-02
  160    1325   -4.774785e-01   3.031e-06   9.689e-03   5.288e-03   4.152e-02
  161    1340   -4.774793e-01   3.100e-06   9.689e-03   5.218e-03   4.203e-02
  162    1355   -4.774801e-01   3.166e-06   9.689e-03   5.149e-03   4.252e-02
  163    1369   -4.774813e-01   3.313e-06   1.384e-02   7.242e-03   4.322e-02
  164    1383   -4.774825e-01   3.449e-06   1.384e-02   7.094e-03   4.391e-02
  165    1397   -4.774837e-01   3.574e-06   1.384e-02   6.953e-03   4.458e-02
  166    1411   -4.774850e-01   3.689e-06   1.384e-02   6.813e-03   4.523e-02
  167    1424   -4.774868e-01   3.938e-06   1.977e-02   9.520e-03   4.615e-02
  168    1437   -4.774886e-01   4.158e-06   1.977e-02   9.245e-03   4.704e-02
  169    1450   -4.774904e-01   4.353e-06   1.977e-02   8.981e-03   4.790e-02
  170    1462   -4.774931e-01   4.758e-06   2.825e-02   1.244e-02   4.909e-02
  171    1474   -4.774959e-01   5.100e-06   2.825e-02   1.193e-02   5.023e-02
  172    1486   -4.774986e-01   5.390e-06   2.825e-02   1.144e-02   5.131e-02
  173    1498   -4.775013e-01   5.631e-06   2.825e-02   1.097e-02   5.234e-02
  174    1510   -4.775041e-01   5.829e-06   2.825e-02   1.052e-02   5.333e-02
  175    1521   -4.775082e-01   6.262e-06   4.035e-02   1.438e-02   5.467e-02
  176    1532   -4.775122e-01   6.592e-06   4.035e-02   1.356e-02   5.592e-02
  177    1542   -4.775180e-01   7.261e-06   5.765e-02   1.822e-02   5.758e-02
  178    1552   -4.775238e-01   7.704e-06   5.765e-02   1.681e-02   5.909e-02
  179    1562   -4.775295e-01   7.967e-06   5.765e-02   1.552e-02   6.047e-02
  180    1571   -4.775377e-01   8.502e-06   8.235e-02   2.045e-02   6.224e-02

                                                          Norm of First-order
 Iter F-count            f(x) Feasibility  Steplength        step  optimality
  181    1580   -4.775456e-01   8.701e-06   8.235e-02   1.839e-02   6.380e-02
  182    1588   -4.775567e-01   9.036e-06   1.176e-01   2.362e-02   6.576e-02
  183    1595   -4.775715e-01   9.241e-06   1.681e-01   2.927e-02   6.810e-02
  184    1601   -4.775902e-01   8.580e-06   2.401e-01   3.443e-02   7.075e-02
  185    1605   -4.776209e-01   1.163e-05   4.900e-01   5.400e-02   7.475e-02
  186    1608   -4.776456e-01   1.286e-05   7.000e-01   4.217e-02   7.756e-02
  187    1610   -4.776627e-01   5.766e-06   1.000e+00   2.265e-02   5.212e-02
  188    1612   -4.776702e-01   1.226e-07   1.000e+00   1.392e-02   1.501e-02
  189    1614   -4.776722e-01   2.320e-08   1.000e+00   8.228e-03   1.229e-02
  190    1616   -4.776743e-01   1.010e-08   1.000e+00   6.743e-03   1.176e-02
  191    1618   -4.776776e-01   2.668e-08   1.000e+00   9.020e-03   1.293e-02
  192    1620   -4.776806e-01   8.331e-08   1.000e+00   1.087e-02   1.316e-02
  193    1622   -4.776829e-01   9.069e-08   1.000e+00   1.411e-02   1.238e-02
  194    1624   -4.776842e-01   2.886e-08   1.000e+00   1.204e-02   1.163e-02
  195    1626   -4.776854e-01   1.672e-08   1.000e+00   9.679e-03   1.209e-02
  196    1628   -4.776868e-01   2.782e-08   1.000e+00   9.302e-03   1.242e-02
  197    1630   -4.776885e-01   3.809e-08   1.000e+00   9.297e-03   1.225e-02
  198    1632   -4.776901e-01   3.244e-08   1.000e+00   8.246e-03   1.166e-02
  199    1634   -4.776915e-01   2.145e-08   1.000e+00   6.916e-03   1.188e-02
  200    1636   -4.776933e-01   1.904e-08   1.000e+00   7.724e-03   1.235e-02
  201    1638   -4.776958e-01   3.475e-08   1.000e+00   9.683e-03   1.242e-02
  202    1640   -4.776980e-01   3.408e-08   1.000e+00   5.415e-03   1.202e-02
  203    1642   -4.776996e-01   1.474e-07   1.000e+00   5.196e-03   1.168e-02
  204    1644   -4.777009e-01   1.245e-07   1.000e+00   4.019e-03   9.690e-03
  205    1646   -4.777024e-01   1.441e-07   1.000e+00   3.943e-03   8.365e-03
  206    1648   -4.777045e-01   1.804e-07   1.000e+00   5.433e-03   7.628e-03
  207    1650   -4.777069e-01   9.289e-08   1.000e+00   7.789e-03   6.712e-03
  208    1652   -4.777085e-01   5.612e-09   1.000e+00   7.100e-03   5.658e-03
  209    1654   -4.777092e-01   3.472e-09   1.000e+00   3.830e-03   3.486e-03
  210    1656   -4.777097e-01   5.838e-10   1.000e+00   2.056e-03   1.223e-03

                                                          Norm of First-order
 Iter F-count            f(x) Feasibility  Steplength        step  optimality
  211    1658   -4.777104e-01   2.439e-09   1.000e+00   2.205e-03   1.104e-03
  212    1660   -4.777110e-01   2.348e-08   1.000e+00   2.668e-03   1.392e-03
  213    1662   -4.777114e-01   2.055e-08   1.000e+00   2.423e-03   1.092e-03
  214    1664   -4.777115e-01   3.432e-09   1.000e+00   1.534e-03   5.309e-04
  215    1666   -4.777117e-01   9.542e-10   1.000e+00   1.221e-03   6.531e-04
  216    1668   -4.777118e-01   7.207e-10   1.000e+00   1.487e-03   7.106e-04
  217    1670   -4.777119e-01   1.184e-10   1.000e+00   1.371e-03   5.854e-04
  218    1672   -4.777120e-01   3.114e-11   1.000e+00   7.547e-04   2.746e-04
  219    1674   -4.777120e-01   2.155e-12   1.000e+00   3.062e-04   7.854e-05
  220    1676   -4.777120e-01   2.116e-12   1.000e+00   2.789e-04   9.254e-05
  221    1678   -4.777120e-01   6.124e-12   1.000e+00   3.664e-04   1.219e-04
  222    1680   -4.777120e-01   7.226e-12   1.000e+00   3.271e-04   9.590e-05
  223    1682   -4.777120e-01   1.500e-12   1.000e+00   1.886e-04   4.302e-05
  224    1684   -4.777120e-01   9.571e-14   1.000e+00   8.786e-05   1.985e-05
  225    1686   -4.777120e-01   2.884e-14   1.000e+00   8.406e-05   2.548e-05
  226    1688   -4.777120e-01   9.853e-14   1.000e+00   9.133e-05   3.143e-05
  227    1690   -4.777120e-01   2.229e-14   1.000e+00   7.158e-05   1.977e-05
  228    1692   -4.777120e-01   1.033e-14   1.000e+00   3.410e-05   7.814e-06
  229    1694   -4.777120e-01   1.091e-14   1.000e+00   2.077e-05   7.361e-06
  230    1696   -4.777120e-01   8.854e-15   1.000e+00   2.878e-05   8.813e-06
  231    1698   -4.777120e-01   9.992e-15   1.000e+00   3.083e-05   8.124e-06
  232    1700   -4.777120e-01   9.243e-15   1.000e+00   2.148e-05   4.321e-06
  233    1702   -4.777120e-01   1.168e-14   1.000e+00   8.845e-06   2.540e-06
  234    1704   -4.777120e-01   1.171e-14   1.000e+00   6.357e-06   3.466e-06
  235    1706   -4.777120e-01   1.379e-14   1.000e+00   8.714e-06   3.914e-06
  236    1708   -4.777120e-01   6.974e-15   1.000e+00   7.928e-06   2.996e-06
  237    1710   -4.777120e-01   1.218e-14   1.000e+00   4.914e-06   1.185e-06
  238    1712   -4.777120e-01   1.259e-14   1.000e+00   2.376e-06   7.184e-07
  239    1714   -4.777120e-01   1.237e-14   1.000e+00   2.418e-06   1.043e-06
  240    1716   -4.777120e-01   7.029e-15   1.000e+00   3.138e-06   1.170e-06

                                                          Norm of First-order
 Iter F-count            f(x) Feasibility  Steplength        step  optimality
  241    1718   -4.777120e-01   8.687e-15   1.000e+00   2.826e-06   8.292e-07
  242    1720   -4.777120e-01   5.898e-15   1.000e+00   1.408e-06   3.033e-07
  243    1721   -4.777120e-01   9.569e-15   1.000e+00   1.068e-14   4.962e-08

<a href = "matlab: helpview([docroot '/toolbox/optim/msg_csh/optim_msg_csh.map'],'local_min_found','CSHelpWindow');">Local minimum found that satisfies the constraints</a>.

Optimization completed because the objective function is non-decreasing in 
<a href = "matlab: helpview([docroot '/toolbox/optim/msg_csh/optim_msg_csh.map'],'feasible_directions','CSHelpWindow');">feasible directions</a>, to within the selected value of the <a href = "matlab: helpview([docroot '/toolbox/optim/msg_csh/optim_msg_csh.map'],'function_tolerance','CSHelpWindow');">function tolerance</a>,
and constraints are satisfied to within the selected value of the <a href = "matlab: helpview([docroot '/toolbox/optim/msg_csh/optim_msg_csh.map'],'constraint_tolerance','CSHelpWindow');">constraint tolerance</a>.

<<a href = "matlab: createExitMsg('sqpLineSearch',1.000000e+00,true,true,'fmincon',3.048136e-08,'selected',1.000000e-07,9.568735e-15,'selected',1.000000e-07,0.000000e+00,'',0.000000e+00);">stopping criteria details</a>>


optimout = 

        nlpx: [180x1 double]
        fval: -0.4777
    exitflag: 1
      output: [1x1 struct]
      lambda: [1x1 struct]
        grad: [180x1 double]
     hessian: [180x180 double]
           t: [48x1 double]
           u: [48x1 double]
           p: []


optimparam = 

     optvar: 3
    objtype: []
      ncolx: 5
      ncolu: 2
         li: [12x1 double]
         tf: 12
         ui: [0.5000 0.5000 0.5000 0.5000 0.5000 0.5000 0.5000 0.5000 0.5000 0.5000 0.5000 0.5000]
        par: []
        bdu: [0 1]
        bdx: [2x2 double]
        bdp: []
     objfun: @objfun
     confun: []
    process: @process
    options: [1x1 struct]
        bdt: [1.0000e-03 12]
         ni: 12
         nu: 1
         nx: 2
         np: 0
        tau: [7x1 double]
        lfx: [7x6 double]
       dlfx: [7x6 double]
        lfu: [7x2 double]
          M: [2x2 double]
     dt_col: 12
     du_col: 24
     dx_col: 144
     dp_col: 0

problem6


*********************  Running fminsdp  ********************** 

Calling NLP-solver ipopt for problem with no matrix inequality constraints.

This is Ipopt version 3.12.4, running with linear solver mumps.
NOTE: Other linear solvers might be more efficient (see Ipopt documentation).

Number of nonzeros in equality constraint Jacobian...:    22126
Number of nonzeros in inequality constraint Jacobian.:      936
Number of nonzeros in Lagrangian Hessian.............:        0

Total number of variables............................:      180
                     variables with only lower bounds:        0
                variables with lower and upper bounds:      180
                     variables with only upper bounds:        0
Total number of equality constraints.................:      147
Total number of inequality constraints...............:      528
        inequality constraints with only lower bounds:        0
   inequality constraints with lower and upper bounds:        0
        inequality constraints with only upper bounds:      528

iter    objective    inf_pr   inf_du lg(mu)  ||d||  lg(rg) alpha_du alpha_pr  ls
   0 -3.9130189e-01 1.36e-01 1.63e+00   0.0 0.00e+00    -  0.00e+00 0.00e+00   0
   1 -3.9127886e-01 1.37e-03 5.05e-02  -2.0 3.09e-02    -  9.70e-01 9.90e-01h  1
   2 -3.9966583e-01 2.34e-05 3.25e-02  -2.9 7.75e-02    -  9.92e-01 9.90e-01H  1
   3 -4.8359319e-01 7.32e-02 5.04e-01  -3.5 7.74e-01    -  9.98e-01 1.00e+00f  1
   4 -4.7955604e-01 5.25e-02 1.26e-01  -3.9 4.94e-01    -  1.00e+00 1.00e+00h  1
   5 -4.7541850e-01 7.73e-03 6.67e-02  -4.3 8.77e-02    -  1.00e+00 1.00e+00h  1
   6 -4.7522808e-01 9.84e-03 4.05e-02  -4.6 7.30e-02    -  1.00e+00 1.00e+00h  1
   7 -4.7509365e-01 3.06e-03 2.24e-02  -5.5 4.69e-02    -  1.00e+00 1.00e+00h  1
   8 -4.7487039e-01 3.57e-04 5.84e-03  -6.4 4.62e-02    -  1.00e+00 1.00e+00h  1
   9 -4.7496314e-01 1.12e-03 2.57e-02  -7.2 1.43e-01    -  1.00e+00 1.00e+00h  1
iter    objective    inf_pr   inf_du lg(mu)  ||d||  lg(rg) alpha_du alpha_pr  ls
  10 -4.7649559e-01 2.24e-01 6.83e-02  -7.6 1.88e+00    -  1.00e+00 1.00e+00h  1
  11 -4.7652054e-01 2.22e-01 3.05e+00  -7.7 1.65e+00    -  4.38e-02 7.13e-03h  1
  12 -4.7842956e-01 6.01e-02 6.07e+01  -7.7 6.88e-01    -  2.43e-01 1.00e+00f  1
  13 -4.7828205e-01 2.49e-02 4.26e+00  -7.7 3.11e-01    -  8.75e-01 7.32e-01h  1
  14 -4.7917918e-01 2.99e-02 1.97e+01  -5.7 6.77e-01    -  1.00e+00 4.20e-01f  1
  15 -4.8588282e-01 1.34e-01 1.04e+02  -4.6 9.78e-01    -  1.00e+00 6.06e-01h  1
  16 -4.9216266e-01 6.41e-02 5.25e-02  -4.9 4.32e-01    -  1.00e+00 1.00e+00h  1
  17 -4.7848368e-01 9.58e-03 7.93e-02  -4.6 1.44e-01    -  1.00e+00 1.00e+00h  1
  18 -4.7769783e-01 3.54e-03 3.34e-02  -4.9 1.13e-01    -  1.00e+00 1.00e+00h  1
  19 -4.7742868e-01 2.61e-03 1.83e-02  -5.4 5.91e-02    -  1.00e+00 1.00e+00h  1
iter    objective    inf_pr   inf_du lg(mu)  ||d||  lg(rg) alpha_du alpha_pr  ls
  20 -4.7730463e-01 2.37e-03 1.54e-02  -6.3 5.62e-02    -  1.00e+00 1.00e+00h  1
  21 -4.7752203e-01 8.97e-03 1.23e-01  -5.3 1.20e-01    -  1.00e+00 9.85e-01h  1
  22 -4.7764132e-01 1.18e-03 1.69e-02  -5.9 4.06e-02    -  1.00e+00 1.00e+00h  1
  23 -4.7751365e-01 9.89e-04 4.47e-03  -6.6 3.53e-02    -  1.00e+00 1.00e+00h  1
  24 -4.7743651e-01 2.27e-05 5.53e-03  -6.6 9.79e-03    -  1.00e+00 1.00e+00h  1
  25 -4.7743025e-01 5.71e-06 2.22e-03  -7.1 3.84e-03    -  1.00e+00 1.00e+00h  1
  26 -4.7743077e-01 2.19e-06 9.70e-04  -8.5 6.00e-03    -  1.00e+00 1.00e+00h  1
  27 -4.7744126e-01 4.24e-05 6.60e-03  -8.0 3.88e-02    -  1.00e+00 1.00e+00h  1
  28 -4.7747489e-01 9.30e-04 1.95e-02  -7.7 1.34e-01    -  1.00e+00 1.00e+00h  1
  29 -4.7757233e-01 7.29e-04 2.79e+01  -7.8 8.94e-02    -  6.53e-01 1.00e+00h  1
iter    objective    inf_pr   inf_du lg(mu)  ||d||  lg(rg) alpha_du alpha_pr  ls
  30 -4.7766434e-01 1.08e-03 1.05e-02  -8.5 1.19e-01    -  1.00e+00 1.00e+00h  1
  31 -4.7728009e-01 5.46e-05 2.43e-02  -9.1 5.85e-02    -  1.00e+00 1.00e+00H  1
  32 -4.7764707e-01 1.21e-03 3.18e+01  -9.2 9.84e-02    -  6.80e-01 1.00e+00h  1
  33 -4.7747712e-01 2.34e-04 3.08e+00 -10.8 2.08e-02    -  9.76e-01 9.99e-01h  1
  34 -4.7750230e-01 1.54e-04 1.72e+02  -8.5 1.65e-02    -  7.62e-03 1.00e+00h  1
  35 -4.7745678e-01 5.41e-07 7.25e-04  -8.7 1.33e-03    -  1.00e+00 1.00e+00h  1
  36 -4.7745713e-01 4.98e-06 1.77e-03 -10.6 5.36e-03    -  1.00e+00 1.00e+00h  1
  37 -4.7745758e-01 7.61e-06 2.20e-03 -11.0 1.22e-02    -  1.00e+00 1.00e+00h  1
  38 -4.7745879e-01 5.39e-06 3.73e-03 -11.0 1.45e-02    -  1.00e+00 1.00e+00h  1
  39 -4.7746046e-01 3.22e-05 4.14e-03 -11.0 9.49e-03    -  1.00e+00 1.00e+00h  1
iter    objective    inf_pr   inf_du lg(mu)  ||d||  lg(rg) alpha_du alpha_pr  ls
  40 -4.7746075e-01 1.36e-05 8.83e-04 -11.0 5.58e-03    -  1.00e+00 1.00e+00h  1
  41 -4.7745769e-01 9.89e-07 7.79e-04 -11.0 4.08e-03    -  1.00e+00 1.00e+00h  1
  42 -4.7745772e-01 1.76e-06 9.34e-04 -11.0 5.70e-03    -  1.00e+00 1.00e+00h  1
  43 -4.7745893e-01 1.20e-04 5.29e-03 -11.0 3.40e-02    -  1.00e+00 1.00e+00h  1
  44 -4.7746242e-01 1.26e-05 3.55e-03 -11.0 9.28e-03    -  1.00e+00 1.00e+00h  1
  45 -4.7745698e-01 7.91e-07 1.69e-03 -11.0 9.92e-03    -  1.00e+00 1.00e+00H  1
  46 -4.7745906e-01 8.64e-06 1.19e-03 -11.0 6.22e-03    -  1.00e+00 1.00e+00h  1
  47 -4.7745841e-01 2.55e-06 8.85e-04 -11.0 2.54e-03    -  1.00e+00 1.00e+00h  1
  48 -4.7745822e-01 1.97e-06 1.45e-04 -11.0 1.67e-03    -  1.00e+00 1.00e+00h  1
  49 -4.7745786e-01 2.21e-08 8.29e-05 -11.0 3.98e-04    -  1.00e+00 1.00e+00h  1
iter    objective    inf_pr   inf_du lg(mu)  ||d||  lg(rg) alpha_du alpha_pr  ls
  50 -4.7745789e-01 1.38e-06 2.64e-04 -11.0 2.70e-03    -  1.00e+00 1.00e+00h  1
  51 -4.7745852e-01 4.04e-04 3.27e-02  -9.0 6.92e-02    -  1.00e+00 6.70e-01h  1
  52 -4.7745932e-01 1.14e-04 1.95e-03  -9.1 2.94e-02    -  1.00e+00 1.00e+00h  1
  53 -4.7746559e-01 2.89e-04 8.91e-03  -9.1 2.52e-02    -  5.39e-01 1.00e+00h  1
  54 -4.7747901e-01 1.84e-04 1.11e-03  -9.1 3.25e-02    -  1.00e+00 1.00e+00h  1
  55 -4.7746224e-01 3.66e-05 3.19e-03  -9.1 9.29e-03    -  1.00e+00 1.00e+00h  1
  56 -4.7746624e-01 2.73e-05 6.27e-04  -9.1 8.85e-03    -  1.00e+00 1.00e+00h  1
  57 -4.7745802e-01 8.35e-08 1.30e-04 -11.0 7.42e-04    -  1.00e+00 1.00e+00h  1
  58 -4.7745803e-01 1.14e-07 2.48e-04 -11.0 8.92e-04    -  1.00e+00 1.00e+00h  1
  59 -4.7745803e-01 3.99e-08 1.56e-04 -11.0 3.50e-04    -  1.00e+00 1.00e+00h  1
iter    objective    inf_pr   inf_du lg(mu)  ||d||  lg(rg) alpha_du alpha_pr  ls
  60 -4.7745802e-01 1.12e-08 7.45e-05 -11.0 2.39e-04    -  1.00e+00 1.00e+00h  1
  61 -4.7745802e-01 2.26e-09 3.94e-05 -11.0 1.31e-04    -  1.00e+00 1.00e+00h  1
  62 -4.7745802e-01 5.38e-08 8.89e-05 -11.0 6.84e-04    -  1.00e+00 1.00e+00h  1
  63 -4.7745807e-01 2.43e-05 2.25e-03 -11.0 1.49e-02    -  1.00e+00 1.00e+00h  1
  64 -4.7745845e-01 3.07e-06 1.85e-03 -11.0 4.11e-03    -  1.00e+00 1.00e+00h  1
  65 -4.7745852e-01 1.65e-05 8.25e-04 -11.0 1.16e-02    -  1.00e+00 1.00e+00h  1
  66 -4.7745962e-01 1.00e-04 6.12e-03 -11.0 3.48e-02    -  1.00e+00 1.00e+00h  1
  67 -4.7747199e-01 8.81e-05 1.04e-03 -11.0 3.03e-02    -  9.03e-01 1.00e+00h  1
  68 -4.7746158e-01 6.78e-05 5.67e-03 -11.0 2.90e-02    -  1.00e+00 1.00e+00h  1
  69 -4.7747008e-01 3.77e-05 9.03e-04 -11.0 2.06e-02    -  1.00e+00 1.00e+00h  1
iter    objective    inf_pr   inf_du lg(mu)  ||d||  lg(rg) alpha_du alpha_pr  ls
  70 -4.7746019e-01 1.59e-05 1.95e-03 -11.0 1.31e-02    -  1.00e+00 1.00e+00h  1
  71 -4.7746122e-01 1.07e-05 4.85e-04 -11.0 1.06e-02    -  1.00e+00 1.00e+00h  1
  72 -4.7745869e-01 5.60e-06 1.61e-03 -11.0 3.97e-03    -  1.00e+00 1.00e+00h  1
  73 -4.7745902e-01 3.73e-06 1.69e-04 -11.0 2.92e-03    -  1.00e+00 1.00e+00h  1
  74 -4.7745804e-01 3.43e-08 1.11e-04 -11.0 2.60e-04    -  1.00e+00 1.00e+00h  1
  75 -4.7745804e-01 7.48e-09 1.33e-05 -11.0 1.15e-04    -  1.00e+00 1.00e+00h  1
  76 -4.7745803e-01 2.50e-10 9.39e-06 -11.0 4.44e-05    -  1.00e+00 1.00e+00h  1
  77 -4.7745804e-01 2.89e-08 9.80e-05 -11.0 6.00e-04    -  1.00e+00 1.00e+00h  1
  78 -4.7745805e-01 5.57e-06 1.21e-03 -11.0 8.36e-03    -  1.00e+00 1.00e+00h  1
  79 -4.7745818e-01 6.64e-07 1.23e-03 -11.0 1.11e-03    -  1.00e+00 1.00e+00h  1
iter    objective    inf_pr   inf_du lg(mu)  ||d||  lg(rg) alpha_du alpha_pr  ls
  80 -4.7745810e-01 6.51e-07 2.33e-04 -11.0 4.05e-03    -  1.00e+00 1.00e+00h  1
  81 -4.7745817e-01 2.20e-06 1.45e-03 -11.0 8.38e-03    -  1.00e+00 1.00e+00h  1
  82 -4.7745906e-01 2.31e-06 1.77e-04 -11.0 7.18e-03    -  1.00e+00 1.00e+00h  1
  83 -4.7745806e-01 1.26e-07 3.47e-04 -11.0 1.25e-03    -  1.00e+00 1.00e+00h  1
  84 -4.7745807e-01 7.91e-08 3.27e-05 -11.0 1.07e-03    -  1.00e+00 1.00e+00h  1
  85 -4.7745804e-01 6.61e-09 6.69e-05 -11.0 2.83e-04    -  1.00e+00 1.00e+00h  1
  86 -4.7745804e-01 4.03e-09 1.11e-05 -11.0 1.44e-04    -  1.00e+00 1.00e+00h  1
  87 -4.7745804e-01 5.29e-11 6.02e-06 -11.0 2.08e-05    -  1.00e+00 1.00e+00h  1
  88 -4.7745804e-01 1.06e-09 8.95e-06 -11.0 8.92e-05    -  1.00e+00 1.00e+00h  1
  89 -4.7745804e-01 8.67e-07 2.66e-04 -11.0 2.46e-03    -  1.00e+00 1.00e+00h  1
iter    objective    inf_pr   inf_du lg(mu)  ||d||  lg(rg) alpha_du alpha_pr  ls
  90 -4.7745806e-01 6.24e-08 1.86e-04 -11.0 6.13e-04    -  1.00e+00 1.00e+00h  1
  91 -4.7745804e-01 1.50e-09 1.32e-04 -11.0 1.31e-03    -  1.00e+00 1.00e+00H  1
  92 -4.7745805e-01 3.86e-07 3.24e-04 -11.0 7.35e-04    -  1.00e+00 1.00e+00h  1
  93 -4.7745809e-01 4.98e-07 3.02e-05 -11.0 1.01e-03    -  1.00e+00 1.00e+00h  1
  94 -4.7745804e-01 6.20e-09 5.27e-05 -11.0 2.21e-04    -  1.00e+00 1.00e+00h  1
  95 -4.7745804e-01 2.33e-09 8.09e-06 -11.0 8.47e-05    -  1.00e+00 1.00e+00h  1
  96 -4.7745804e-01 5.58e-11 3.93e-06 -11.0 1.03e-05    -  1.00e+00 1.00e+00h  1
  97 -4.7745804e-01 2.46e-11 1.30e-06 -11.0 1.05e-05    -  1.00e+00 1.00e+00h  1
  98 -4.7745804e-01 2.78e-09 1.79e-05 -11.0 1.34e-04    -  1.00e+00 1.00e+00h  1
  99 -4.7745804e-01 4.79e-10 1.60e-05 -11.0 2.85e-05    -  1.00e+00 1.00e+00h  1
iter    objective    inf_pr   inf_du lg(mu)  ||d||  lg(rg) alpha_du alpha_pr  ls
 100 -4.7745804e-01 1.84e-10 4.81e-06 -11.0 3.54e-05    -  1.00e+00 1.00e+00h  1
 101 -4.7745804e-01 1.14e-10 6.35e-06 -11.0 1.80e-05    -  1.00e+00 1.00e+00h  1
 102 -4.7745804e-01 3.93e-11 1.85e-06 -11.0 9.33e-06    -  1.00e+00 1.00e+00h  1
 103 -4.7745804e-01 6.33e-12 1.32e-06 -11.0 9.60e-06    -  1.00e+00 1.00e+00h  1
 104 -4.7745804e-01 1.96e-09 2.90e-05 -11.0 2.12e-04    -  1.00e+00 1.00e+00h  1
 105 -4.7745804e-01 3.84e-07 4.17e-04 -11.0 2.73e-03    -  1.00e+00 1.00e+00h  1
 106 -4.7745805e-01 3.39e-08 3.45e-04 -11.0 4.44e-04    -  1.00e+00 1.00e+00h  1
 107 -4.7745805e-01 4.93e-07 2.16e-04 -11.0 3.02e-03    -  1.00e+00 1.00e+00h  1
 108 -4.7745806e-01 6.96e-07 6.04e-04 -11.0 2.05e-03    -  1.00e+00 1.00e+00h  1
 109 -4.7745832e-01 7.01e-07 1.58e-05 -11.0 1.57e-03    -  1.00e+00 1.00e+00h  1
iter    objective    inf_pr   inf_du lg(mu)  ||d||  lg(rg) alpha_du alpha_pr  ls
 110 -4.7745804e-01 1.17e-09 2.47e-05 -11.0 5.65e-05    -  1.00e+00 1.00e+00h  1
 111 -4.7745804e-01 2.50e-10 3.80e-06 -11.0 4.45e-05    -  1.00e+00 1.00e+00h  1
 112 -4.7745804e-01 6.88e-12 3.05e-06 -11.0 8.18e-06    -  1.00e+00 1.00e+00h  1
 113 -4.7745804e-01 1.91e-12 7.75e-07 -11.0 3.52e-06    -  1.00e+00 1.00e+00h  1
 114 -4.7745804e-01 8.26e-13 4.81e-07 -11.0 1.39e-06    -  1.00e+00 1.00e+00h  1
 115 -4.7745804e-01 1.59e-12 3.78e-07 -11.0 2.74e-06    -  1.00e+00 1.00e+00h  1
 116 -4.7745804e-01 1.14e-09 7.81e-06 -11.0 8.03e-05    -  1.00e+00 1.00e+00h  1
 117 -4.7745804e-01 1.66e-09 1.76e-05 -11.0 1.03e-04    -  1.00e+00 1.00e+00h  1
 118 -4.7745804e-01 2.76e-09 7.32e-06 -11.0 1.26e-04    -  1.00e+00 1.00e+00h  1
 119 -4.7745804e-01 9.03e-09 3.92e-05 -11.0 2.38e-04    -  1.00e+00 1.00e+00h  1
iter    objective    inf_pr   inf_du lg(mu)  ||d||  lg(rg) alpha_du alpha_pr  ls
 120 -4.7745804e-01 8.49e-09 5.13e-06 -11.0 2.20e-04    -  1.00e+00 1.00e+00h  1
 121 -4.7745804e-01 4.42e-09 4.02e-05 -11.0 1.76e-04    -  1.00e+00 1.00e+00h  1
 122 -4.7745804e-01 3.39e-09 2.99e-06 -11.0 1.53e-04    -  1.00e+00 1.00e+00h  1
 123 -4.7745804e-01 1.10e-10 9.29e-06 -11.0 1.58e-05    -  1.00e+00 1.00e+00h  1
 124 -4.7745804e-01 6.19e-11 4.52e-07 -11.0 1.17e-05    -  1.00e+00 1.00e+00h  1
 125 -4.7745804e-01 1.80e-14 8.44e-08 -11.0 2.40e-07    -  1.00e+00 1.00e+00h  1
 126 -4.7745804e-01 1.41e-14 5.13e-08 -11.0 2.32e-07    -  1.00e+00 1.00e+00h  1
 127 -4.7745804e-01 1.31e-13 1.24e-07 -11.0 9.30e-07    -  1.00e+00 1.00e+00h  1
 128 -4.7745804e-01 1.11e-10 3.76e-06 -11.0 2.67e-05    -  1.00e+00 1.00e+00h  1
 129 -4.7745804e-01 2.95e-11 1.71e-06 -11.0 1.45e-05    -  1.00e+00 1.00e+00h  1
iter    objective    inf_pr   inf_du lg(mu)  ||d||  lg(rg) alpha_du alpha_pr  ls
 130 -4.7745804e-01 8.74e-11 3.23e-06 -11.0 1.91e-05    -  1.00e+00 1.00e+00h  1
 131 -4.7745804e-01 2.72e-11 1.45e-06 -11.0 1.25e-05    -  1.00e+00 1.00e+00h  1
 132 -4.7745804e-01 3.52e-11 3.75e-06 -11.0 1.19e-05    -  1.00e+00 1.00e+00h  1
 133 -4.7745804e-01 9.64e-12 1.48e-06 -11.0 4.74e-06    -  1.00e+00 1.00e+00h  1
 134 -4.7745804e-01 2.22e-12 1.32e-06 -11.0 2.56e-06    -  1.00e+00 1.00e+00h  1
 135 -4.7745804e-01 5.41e-13 2.54e-07 -11.0 1.11e-06    -  1.00e+00 1.00e+00h  1
 136 -4.7745804e-01 6.65e-14 1.70e-07 -11.0 3.47e-07    -  1.00e+00 1.00e+00h  1
 137 -4.7745804e-01 1.27e-14 2.35e-08 -11.0 1.32e-07    -  1.00e+00 1.00e+00h  1
 138 -4.7745804e-01 5.01e-15 1.22e-08 -11.0 9.76e-08    -  1.00e+00 1.00e+00h  1
 139 -4.7745804e-01 8.55e-13 4.55e-07 -11.0 3.67e-06    -  1.00e+00 1.00e+00h  1
iter    objective    inf_pr   inf_du lg(mu)  ||d||  lg(rg) alpha_du alpha_pr  ls
 140 -4.7745804e-01 1.24e-12 7.61e-07 -11.0 2.77e-06    -  1.00e+00 1.00e+00h  1
 141 -4.7745804e-01 1.33e-12 1.28e-06 -11.0 1.56e-06    -  1.00e+00 1.00e+00h  1
 142 -4.7745804e-01 7.70e-13 1.57e-07 -11.0 1.31e-06    -  1.00e+00 1.00e+00h  1
 143 -4.7745804e-01 8.28e-14 1.27e-07 -11.0 1.25e-06    -  1.00e+00 1.00e+00h  1
 144 -4.7745804e-01 4.80e-10 1.34e-05 -11.0 9.45e-05    -  1.00e+00 1.00e+00h  1
 145 -4.7745804e-01 2.68e-10 3.77e-06 -11.0 6.54e-05    -  1.00e+00 1.00e+00h  1
 146 -4.7745804e-01 1.39e-08 6.87e-05 -11.0 4.66e-04    -  1.00e+00 1.00e+00h  1
 147 -4.7745804e-01 6.46e-09 2.28e-05 -11.0 2.99e-04    -  1.00e+00 1.00e+00h  1
 148 -4.7745804e-01 7.72e-15 1.46e-04 -11.0 1.05e-03    -  1.00e+00 1.00e+00H  1
 149 -4.7745804e-01 1.03e-08 7.98e-05 -11.0 4.08e-04    -  1.00e+00 1.00e+00h  1
iter    objective    inf_pr   inf_du lg(mu)  ||d||  lg(rg) alpha_du alpha_pr  ls
 150 -4.7745804e-01 6.49e-08 1.49e-04 -11.0 9.51e-04    -  1.00e+00 1.00e+00h  1
 151 -4.7745805e-01 1.63e-08 1.18e-04 -11.0 2.09e-04    -  1.00e+00 1.00e+00h  1
 152 -4.7745804e-01 2.14e-08 3.36e-05 -11.0 4.30e-04    -  1.00e+00 1.00e+00h  1
 153 -4.7745803e-01 2.06e-11 7.42e-05 -11.0 4.43e-04    -  1.00e+00 1.00e+00H  1
 154 -4.7745804e-01 1.21e-08 1.00e-05 -11.0 3.11e-04    -  1.00e+00 1.00e+00h  1
 155 -4.7745804e-01 1.10e-09 2.14e-05 -11.0 5.25e-05    -  1.00e+00 1.00e+00h  1
 156 -4.7745804e-01 5.58e-10 3.72e-06 -11.0 3.12e-05    -  1.00e+00 1.00e+00h  1
 157 -4.7745804e-01 6.45e-12 2.50e-06 -11.0 3.99e-06    -  1.00e+00 1.00e+00h  1
 158 -4.7745804e-01 1.18e-12 2.76e-07 -11.0 1.81e-06    -  1.00e+00 1.00e+00h  1
 159 -4.7745804e-01 1.82e-14 7.81e-08 -11.0 2.82e-07    -  1.00e+00 1.00e+00h  1
iter    objective    inf_pr   inf_du lg(mu)  ||d||  lg(rg) alpha_du alpha_pr  ls
 160 -4.7745804e-01 7.76e-14 1.18e-07 -11.0 6.25e-07    -  1.00e+00 1.00e+00h  1
 161 -4.7745804e-01 1.27e-13 1.68e-07 -11.0 5.94e-07    -  1.00e+00 1.00e+00h  1
 162 -4.7745804e-01 3.07e-14 7.05e-08 -11.0 2.38e-07    -  1.00e+00 1.00e+00h  1
 163 -4.7745804e-01 8.17e-15 3.36e-08 -11.0 1.20e-07    -  1.00e+00 1.00e+00h  1
 164 -4.7745804e-01 8.56e-15 1.54e-08 -11.0 7.30e-08    -  1.00e+00 1.00e+00h  1
 165 -4.7745804e-01 8.01e-15 8.45e-08 -11.0 8.29e-07    -  1.00e+00 1.00e+00H  1
 166 -4.7745804e-01 2.17e-12 5.06e-07 -11.0 1.44e-05    -  1.00e+00 2.50e-01h  3
 167 -4.7745804e-01 1.79e-12 7.07e-07 -11.0 2.16e-06    -  1.00e+00 1.00e+00h  1
 168 -4.7745804e-01 1.87e-12 3.39e-07 -11.0 4.19e-06    -  1.00e+00 5.00e-01h  2
 169 -4.7745804e-01 2.35e-12 2.38e-07 -11.0 6.89e-06    -  1.00e+00 2.50e-01h  3
iter    objective    inf_pr   inf_du lg(mu)  ||d||  lg(rg) alpha_du alpha_pr  ls
 170 -4.7745804e-01 3.23e-13 2.86e-07 -11.0 8.44e-07    -  1.00e+00 1.00e+00h  1
 171 -4.7745804e-01 2.69e-13 9.97e-08 -11.0 8.90e-07    -  1.00e+00 1.00e+00h  1
 172 -4.7745804e-01 1.38e-14 2.97e-08 -11.0 1.68e-07    -  1.00e+00 1.00e+00h  1

Number of Iterations....: 172

                                   (scaled)                 (unscaled)
Objective...............:  -4.7745803858538205e-01   -4.7745803858538205e-01
Dual infeasibility......:   2.9674244336772994e-08    2.9674244336772994e-08
Constraint violation....:   1.3815337762679292e-14    1.3815337762679292e-14
Complementarity.........:   1.0000000000000003e-11    1.0000000000000003e-11
Overall NLP error.......:   2.9674244336772994e-08    2.9674244336772994e-08


Number of objective function evaluations             = 194
Number of objective gradient evaluations             = 173
Number of equality constraint evaluations            = 194
Number of inequality constraint evaluations          = 194
Number of equality constraint Jacobian evaluations   = 173
Number of inequality constraint Jacobian evaluations = 1
Number of Lagrangian Hessian evaluations             = 0
Total CPU secs in IPOPT (w/o function evaluations)   =      2.628
Total CPU secs in NLP function evaluations           =      8.164

EXIT: Solved To Acceptable Level.

*** IPOPT DONE ***

optimout = 

        nlpx: [180x1 double]
        fval: -0.4775
    exitflag: 1
      output: [1x1 struct]
      lambda: [1x1 struct]
        grad: [180x1 double]
     hessian: []
           t: [48x1 double]
           u: [48x1 double]
           p: []


optimparam = 

     optvar: 3
    objtype: []
      ncolx: 5
      ncolu: 2
         li: [12x1 double]
         tf: 12
         ui: [0.5000 0.5000 0.5000 0.5000 0.5000 0.5000 0.5000 0.5000 0.5000 0.5000 0.5000 0.5000]
        par: []
        bdu: [0 1]
        bdx: [2x2 double]
        bdp: []
     objfun: @objfun
     confun: []
    process: @process
    options: [1x1 struct]
        bdt: [1.0000e-03 12]
         ni: 12
         nu: 1
         nx: 2
         np: 0
        tau: [7x1 double]
        lfx: [7x6 double]
       dlfx: [7x6 double]
        lfu: [7x2 double]
          M: [2x2 double]
     dt_col: 12
     du_col: 24
     dx_col: 144
     dp_col: 0

diary off
