problem5
                                                          Norm of First-order
 Iter F-count            f(x) Feasibility  Steplength        step  optimality
    0       1   -6.029764e-01   6.375e-04                           1.628e+00
    1       2   -6.035739e-01   1.757e-05   1.000e+00   2.479e-02   1.208e-02
    2       4   -6.058347e-01   2.824e-06   1.000e+00   1.163e-01   8.205e-03
    3       6   -6.083534e-01   1.612e-05   1.000e+00   2.685e-01   7.732e-03
    4       8   -6.085463e-01   3.123e-07   1.000e+00   6.673e-02   7.418e-03
    5      10   -6.086778e-01   4.507e-08   1.000e+00   5.029e-02   7.118e-03
    6      12   -6.089438e-01   3.661e-06   1.000e+00   8.705e-02   6.418e-03
    7      14   -6.094077e-01   5.111e-05   1.000e+00   1.419e-01   4.810e-03
    8      16   -6.099172e-01   1.539e-04   1.000e+00   1.539e-01   4.465e-03
    9      18   -6.102584e-01   4.042e-05   1.000e+00   9.508e-02   3.870e-03
   10      20   -6.103701e-01   2.733e-07   1.000e+00   6.717e-02   1.625e-03
   11      22   -6.103769e-01   7.417e-09   1.000e+00   1.535e-02   1.041e-03
   12      24   -6.103846e-01   1.596e-08   1.000e+00   1.214e-02   8.817e-04
   13      26   -6.104045e-01   6.268e-08   1.000e+00   2.283e-02   1.862e-03
   14      28   -6.104347e-01   1.897e-06   1.000e+00   3.230e-02   3.066e-03
   15      31   -6.104592e-01   8.535e-06   7.000e-01   2.980e-02   3.434e-03
   16      34   -6.104758e-01   1.248e-05   7.000e-01   3.036e-02   2.678e-03
   17      36   -6.104811e-01   2.309e-06   1.000e+00   2.268e-02   1.087e-03
   18      38   -6.104819e-01   5.049e-09   1.000e+00   4.227e-03   5.454e-04
   19      40   -6.104839e-01   5.516e-08   1.000e+00   8.506e-03   3.737e-04
   20      42   -6.104871e-01   4.591e-07   1.000e+00   1.053e-02   5.426e-04
   21      48   -6.104894e-01   6.682e-07   2.401e-01   5.992e-03   5.474e-04
   22      58   -6.104910e-01   8.198e-07   5.765e-02   3.521e-03   5.047e-04
   23      70   -6.104923e-01   9.504e-07   2.825e-02   2.681e-03   5.202e-04
   24      83   -6.104935e-01   1.064e-06   1.977e-02   2.303e-03   5.573e-04
   25      96   -6.104948e-01   1.217e-06   1.977e-02   2.529e-03   5.877e-04
   26     109   -6.104962e-01   1.388e-06   1.977e-02   2.630e-03   6.106e-04
   27     122   -6.104976e-01   1.564e-06   1.977e-02   2.674e-03   6.277e-04
   28     135   -6.104991e-01   1.740e-06   1.977e-02   2.696e-03   6.458e-04
   29     148   -6.105005e-01   1.914e-06   1.977e-02   2.709e-03   7.397e-04
   30     161   -6.105018e-01   2.085e-06   1.977e-02   2.720e-03   8.324e-04

                                                          Norm of First-order
 Iter F-count            f(x) Feasibility  Steplength        step  optimality
   31     174   -6.105032e-01   2.255e-06   1.977e-02   2.731e-03   9.261e-04
   32     187   -6.105046e-01   2.423e-06   1.977e-02   2.743e-03   1.023e-03
   33     200   -6.105060e-01   2.590e-06   1.977e-02   2.757e-03   1.123e-03
   34     213   -6.105073e-01   2.756e-06   1.977e-02   2.771e-03   1.229e-03
   35     226   -6.105086e-01   2.921e-06   1.977e-02   2.786e-03   1.339e-03
   36     239   -6.105100e-01   3.085e-06   1.977e-02   2.801e-03   1.456e-03
   37     252   -6.105113e-01   3.250e-06   1.977e-02   2.816e-03   1.579e-03
   38     265   -6.105126e-01   3.413e-06   1.977e-02   2.831e-03   1.708e-03
   39     278   -6.105139e-01   3.575e-06   1.977e-02   2.845e-03   1.843e-03
   40     291   -6.105152e-01   3.736e-06   1.977e-02   2.858e-03   1.984e-03
   41     304   -6.105164e-01   3.896e-06   1.977e-02   2.871e-03   2.132e-03
   42     317   -6.105177e-01   4.053e-06   1.977e-02   2.883e-03   2.285e-03
   43     330   -6.105189e-01   4.208e-06   1.977e-02   2.894e-03   2.444e-03
   44     343   -6.105202e-01   4.361e-06   1.977e-02   2.903e-03   2.609e-03
   45     356   -6.105214e-01   4.511e-06   1.977e-02   2.911e-03   2.779e-03
   46     369   -6.105226e-01   4.658e-06   1.977e-02   2.918e-03   2.954e-03
   47     382   -6.105238e-01   4.801e-06   1.977e-02   2.924e-03   3.134e-03
   48     395   -6.105250e-01   4.940e-06   1.977e-02   2.928e-03   3.319e-03
   49     408   -6.105262e-01   5.076e-06   1.977e-02   2.932e-03   3.508e-03
   50     421   -6.105274e-01   5.206e-06   1.977e-02   2.933e-03   3.701e-03
   51     434   -6.105286e-01   5.333e-06   1.977e-02   2.934e-03   3.898e-03
   52     447   -6.105297e-01   5.454e-06   1.977e-02   2.933e-03   4.098e-03
   53     460   -6.105309e-01   5.571e-06   1.977e-02   2.930e-03   4.301e-03
   54     473   -6.105320e-01   5.682e-06   1.977e-02   2.927e-03   4.508e-03
   55     486   -6.105331e-01   5.788e-06   1.977e-02   2.922e-03   4.716e-03
   56     499   -6.105342e-01   5.888e-06   1.977e-02   2.917e-03   4.927e-03
   57     512   -6.105353e-01   5.983e-06   1.977e-02   2.910e-03   5.140e-03
   58     525   -6.105364e-01   6.072e-06   1.977e-02   2.902e-03   5.354e-03
   59     538   -6.105375e-01   6.156e-06   1.977e-02   2.894e-03   5.570e-03
   60     551   -6.105386e-01   6.234e-06   1.977e-02   2.884e-03   5.787e-03

                                                          Norm of First-order
 Iter F-count            f(x) Feasibility  Steplength        step  optimality
   61     564   -6.105396e-01   6.306e-06   1.977e-02   2.874e-03   6.004e-03
   62     577   -6.105407e-01   6.373e-06   1.977e-02   2.863e-03   6.223e-03
   63     590   -6.105417e-01   6.434e-06   1.977e-02   2.851e-03   6.442e-03
   64     603   -6.105427e-01   6.490e-06   1.977e-02   2.839e-03   6.660e-03
   65     616   -6.105437e-01   6.541e-06   1.977e-02   2.827e-03   6.879e-03
   66     629   -6.105447e-01   6.586e-06   1.977e-02   2.814e-03   7.098e-03
   67     642   -6.105457e-01   6.627e-06   1.977e-02   2.800e-03   7.317e-03
   68     654   -6.105471e-01   6.783e-06   2.825e-02   3.985e-03   7.629e-03
   69     666   -6.105485e-01   6.922e-06   2.825e-02   3.948e-03   7.942e-03
   70     678   -6.105498e-01   7.041e-06   2.825e-02   3.894e-03   8.247e-03
   71     690   -6.105511e-01   7.141e-06   2.825e-02   3.843e-03   8.546e-03
   72     702   -6.105523e-01   7.224e-06   2.825e-02   3.796e-03   8.838e-03
   73     714   -6.105536e-01   7.292e-06   2.825e-02   3.750e-03   9.123e-03
   74     726   -6.105548e-01   7.346e-06   2.825e-02   3.707e-03   9.401e-03
   75     738   -6.105560e-01   7.387e-06   2.825e-02   3.667e-03   9.673e-03
   76     749   -6.105576e-01   7.580e-06   4.035e-02   5.190e-03   1.005e-02
   77     760   -6.105592e-01   7.741e-06   4.035e-02   5.114e-03   1.043e-02
   78     767   -6.105653e-01   1.468e-05   1.681e-01   2.119e-02   1.200e-02
   79     778   -6.105666e-01   1.444e-05   4.035e-02   4.585e-03   1.235e-02
   80     787   -6.105689e-01   1.441e-05   8.235e-02   8.699e-03   1.280e-02
   81     796   -6.105711e-01   1.434e-05   8.235e-02   8.543e-03   1.325e-02
   82     803   -6.105750e-01   1.664e-05   1.681e-01   1.693e-02   1.410e-02
   83     811   -6.105774e-01   1.655e-05   1.176e-01   1.093e-02   1.465e-02
   84     818   -6.105803e-01   1.677e-05   1.681e-01   1.443e-02   1.517e-02
   85     825   -6.105827e-01   1.641e-05   1.681e-01   1.343e-02   1.563e-02
   86     831   -6.105855e-01   1.653e-05   2.401e-01   1.772e-02   1.615e-02
   87     837   -6.105877e-01   1.544e-05   2.401e-01   1.575e-02   1.659e-02
   88     843   -6.105894e-01   1.341e-05   2.401e-01   1.391e-02   1.688e-02
   89     849   -6.105909e-01   1.118e-05   2.401e-01   1.277e-02   1.715e-02
   90     855   -6.105921e-01   9.002e-06   2.401e-01   1.213e-02   1.748e-02

                                                          Norm of First-order
 Iter F-count            f(x) Feasibility  Steplength        step  optimality
   91     861   -6.105933e-01   7.469e-06   2.401e-01   1.184e-02   1.791e-02
   92     867   -6.105945e-01   8.363e-06   2.401e-01   1.181e-02   1.846e-02
   93     874   -6.105954e-01   7.955e-06   1.681e-01   8.310e-03   1.892e-02
   94     881   -6.105965e-01   8.149e-06   1.681e-01   8.936e-03   1.948e-02
   95     889   -6.105973e-01   7.880e-06   1.176e-01   6.682e-03   1.995e-02
   96     897   -6.105983e-01   7.976e-06   1.176e-01   7.189e-03   2.048e-02
   97     906   -6.105992e-01   7.743e-06   8.235e-02   5.295e-03   2.089e-02
   98     915   -6.106002e-01   7.669e-06   8.235e-02   5.548e-03   2.131e-02
   99     924   -6.106013e-01   7.746e-06   8.235e-02   5.761e-03   2.176e-02
  100     933   -6.106026e-01   7.936e-06   8.235e-02   5.886e-03   2.223e-02
  101     942   -6.106039e-01   8.208e-06   8.235e-02   5.954e-03   2.273e-02
  102     952   -6.106049e-01   8.055e-06   5.765e-02   4.149e-03   2.311e-02
  103     962   -6.106060e-01   7.941e-06   5.765e-02   4.161e-03   2.348e-02
  104     972   -6.106072e-01   7.869e-06   5.765e-02   4.204e-03   2.388e-02
  105     982   -6.106085e-01   7.835e-06   5.765e-02   4.240e-03   2.433e-02
  106     992   -6.106098e-01   7.833e-06   5.765e-02   4.267e-03   2.485e-02
  107    1002   -6.106113e-01   7.854e-06   5.765e-02   4.283e-03   2.537e-02
  108    1012   -6.106127e-01   7.888e-06   5.765e-02   4.283e-03   2.589e-02
  109    1022   -6.106143e-01   7.927e-06   5.765e-02   4.268e-03   2.640e-02
  110    1032   -6.106159e-01   7.956e-06   5.765e-02   4.239e-03   2.689e-02
  111    1042   -6.106176e-01   7.966e-06   5.765e-02   4.200e-03   2.737e-02
  112    1052   -6.106193e-01   7.953e-06   5.765e-02   4.161e-03   2.784e-02
  113    1062   -6.106211e-01   7.918e-06   5.765e-02   4.128e-03   2.828e-02
  114    1072   -6.106230e-01   7.858e-06   5.765e-02   4.104e-03   2.871e-02
  115    1082   -6.106249e-01   7.767e-06   5.765e-02   4.089e-03   2.913e-02
  116    1092   -6.106269e-01   7.643e-06   5.765e-02   4.087e-03   2.952e-02
  117    1101   -6.106298e-01   7.854e-06   8.235e-02   5.895e-03   3.008e-02
  118    1110   -6.106326e-01   7.872e-06   8.235e-02   5.830e-03   3.062e-02
  119    1119   -6.106354e-01   7.708e-06   8.235e-02   5.771e-03   3.112e-02
  120    1127   -6.106394e-01   7.849e-06   1.176e-01   8.326e-03   3.184e-02

                                                          Norm of First-order
 Iter F-count            f(x) Feasibility  Steplength        step  optimality
  121    1134   -6.106448e-01   8.068e-06   1.681e-01   1.171e-02   3.284e-02
  122    1138   -6.106575e-01   5.304e-06   4.900e-01   3.280e-02   3.574e-02
  123    1145   -6.106606e-01   6.060e-06   1.681e-01   9.452e-03   3.690e-02
  124    1153   -6.106628e-01   5.768e-06   1.176e-01   6.926e-03   3.764e-02
  125    1161   -6.106650e-01   5.677e-06   1.176e-01   7.353e-03   3.854e-02
  126    1169   -6.106672e-01   5.473e-06   1.176e-01   7.420e-03   3.938e-02
  127    1177   -6.106693e-01   5.347e-06   1.176e-01   7.524e-03   3.781e-02
  128    1185   -6.106712e-01   5.145e-06   1.176e-01   7.424e-03   3.539e-02
  129    1193   -6.106730e-01   4.947e-06   1.176e-01   7.290e-03   3.332e-02
  130    1201   -6.106746e-01   4.712e-06   1.176e-01   7.069e-03   3.116e-02
  131    1209   -6.106761e-01   4.469e-06   1.176e-01   6.818e-03   2.919e-02
  132    1216   -6.106779e-01   4.432e-06   1.681e-01   9.346e-03   2.648e-02
  133    1223   -6.106795e-01   4.287e-06   1.681e-01   8.679e-03   2.425e-02
  134    1230   -6.106808e-01   4.057e-06   1.681e-01   8.045e-03   2.221e-02
  135    1237   -6.106819e-01   3.796e-06   1.681e-01   7.496e-03   2.042e-02
  136    1244   -6.106828e-01   3.688e-06   1.681e-01   7.038e-03   1.887e-02
  137    1251   -6.106837e-01   3.552e-06   1.681e-01   6.672e-03   1.758e-02
  138    1258   -6.106844e-01   3.410e-06   1.681e-01   6.392e-03   1.653e-02
  139    1265   -6.106852e-01   3.281e-06   1.681e-01   6.186e-03   1.570e-02
  140    1272   -6.106858e-01   3.172e-06   1.681e-01   6.041e-03   1.507e-02
  141    1279   -6.106865e-01   3.088e-06   1.681e-01   5.941e-03   1.462e-02
  142    1286   -6.106871e-01   3.029e-06   1.681e-01   5.866e-03   1.432e-02
  143    1293   -6.106877e-01   2.990e-06   1.681e-01   5.799e-03   1.414e-02
  144    1300   -6.106884e-01   2.962e-06   1.681e-01   5.723e-03   1.405e-02
  145    1307   -6.106890e-01   2.935e-06   1.681e-01   5.627e-03   1.401e-02
  146    1314   -6.106896e-01   2.898e-06   1.681e-01   5.502e-03   1.398e-02
  147    1321   -6.106903e-01   2.839e-06   1.681e-01   5.343e-03   1.393e-02
  148    1328   -6.106909e-01   2.748e-06   1.681e-01   5.151e-03   1.381e-02
  149    1335   -6.106915e-01   2.623e-06   1.681e-01   4.931e-03   1.361e-02
  150    1342   -6.106921e-01   2.461e-06   1.681e-01   4.690e-03   1.329e-02

                                                          Norm of First-order
 Iter F-count            f(x) Feasibility  Steplength        step  optimality
  151    1348   -6.106929e-01   2.507e-06   2.401e-01   6.345e-03   1.264e-02
  152    1354   -6.106936e-01   2.319e-06   2.401e-01   5.637e-03   1.191e-02
  153    1359   -6.106943e-01   2.412e-06   3.430e-01   7.204e-03   1.061e-02
  154    1363   -6.106950e-01   2.781e-06   4.900e-01   8.507e-03   8.689e-03
  155    1366   -6.106955e-01   2.266e-06   7.000e-01   8.922e-03   6.334e-03
  156    1368   -6.106957e-01   2.556e-07   1.000e+00   5.966e-03   3.745e-03
  157    1370   -6.106959e-01   1.260e-09   1.000e+00   2.370e-03   2.416e-03
  158    1372   -6.106962e-01   3.968e-08   1.000e+00   4.997e-03   2.495e-03
  159    1374   -6.106964e-01   4.462e-09   1.000e+00   2.373e-03   1.822e-03
  160    1376   -6.106967e-01   4.458e-09   1.000e+00   4.202e-03   4.418e-04
  161    1379   -6.106969e-01   2.110e-08   7.000e-01   4.403e-03   3.050e-04
  162    1385   -6.106970e-01   2.654e-08   2.401e-01   2.573e-03   5.357e-04
  163    1393   -6.106971e-01   2.996e-08   1.176e-01   1.894e-03   7.434e-04
  164    1401   -6.106972e-01   3.795e-08   1.176e-01   2.353e-03   9.833e-04
  165    1409   -6.106973e-01   4.988e-08   1.176e-01   2.615e-03   1.197e-03
  166    1417   -6.106974e-01   6.223e-08   1.176e-01   2.791e-03   1.429e-03
  167    1425   -6.106975e-01   7.616e-08   1.176e-01   2.939e-03   1.692e-03
  168    1433   -6.106977e-01   9.067e-08   1.176e-01   3.085e-03   2.005e-03
  169    1440   -6.106979e-01   1.257e-07   1.681e-01   4.643e-03   2.550e-03
  170    1448   -6.106980e-01   1.388e-07   1.176e-01   3.258e-03   2.980e-03
  171    1455   -6.106983e-01   1.754e-07   1.681e-01   4.959e-03   3.669e-03
  172    1463   -6.106985e-01   1.908e-07   1.176e-01   3.551e-03   4.159e-03
  173    1471   -6.106987e-01   2.092e-07   1.176e-01   3.833e-03   4.682e-03
  174    1479   -6.106989e-01   2.344e-07   1.176e-01   4.150e-03   5.238e-03
  175    1487   -6.106992e-01   2.647e-07   1.176e-01   4.409e-03   5.814e-03
  176    1495   -6.106996e-01   2.966e-07   1.176e-01   4.603e-03   6.393e-03
  177    1504   -6.106998e-01   3.019e-07   8.235e-02   3.308e-03   6.793e-03
  178    1513   -6.107001e-01   3.038e-07   8.235e-02   3.510e-03   7.195e-03
  179    1522   -6.107005e-01   3.018e-07   8.235e-02   3.646e-03   7.587e-03
  180    1531   -6.107009e-01   2.941e-07   8.235e-02   3.684e-03   7.952e-03

                                                          Norm of First-order
 Iter F-count            f(x) Feasibility  Steplength        step  optimality
  181    1540   -6.107013e-01   2.807e-07   8.235e-02   3.666e-03   8.282e-03
  182    1549   -6.107017e-01   3.417e-07   8.235e-02   3.622e-03   8.572e-03
  183    1558   -6.107022e-01   4.067e-07   8.235e-02   3.568e-03   8.821e-03
  184    1567   -6.107027e-01   4.631e-07   8.235e-02   3.511e-03   9.029e-03
  185    1576   -6.107031e-01   5.097e-07   8.235e-02   3.458e-03   9.199e-03
  186    1585   -6.107036e-01   5.467e-07   8.235e-02   3.409e-03   9.333e-03
  187    1593   -6.107043e-01   6.818e-07   1.176e-01   4.823e-03   9.477e-03
  188    1601   -6.107050e-01   8.010e-07   1.176e-01   4.675e-03   9.575e-03
  189    1609   -6.107057e-01   8.871e-07   1.176e-01   4.533e-03   9.632e-03
  190    1617   -6.107064e-01   9.491e-07   1.176e-01   4.455e-03   9.653e-03
  191    1624   -6.107073e-01   1.236e-06   1.681e-01   6.317e-03   1.022e-02
  192    1632   -6.107079e-01   1.243e-06   1.176e-01   4.304e-03   1.083e-02
  193    1639   -6.107088e-01   1.428e-06   1.681e-01   6.110e-03   1.169e-02
  194    1646   -6.107097e-01   1.580e-06   1.681e-01   6.064e-03   1.254e-02
  195    1653   -6.107106e-01   1.680e-06   1.681e-01   5.966e-03   1.338e-02
  196    1660   -6.107114e-01   1.746e-06   1.681e-01   5.922e-03   1.420e-02
  197    1666   -6.107125e-01   2.301e-06   2.401e-01   8.452e-03   1.539e-02
  198    1673   -6.107133e-01   2.228e-06   1.681e-01   5.771e-03   1.608e-02
  199    1679   -6.107143e-01   2.548e-06   2.401e-01   8.243e-03   1.510e-02
  200    1685   -6.107153e-01   2.771e-06   2.401e-01   8.193e-03   1.429e-02
  201    1691   -6.107163e-01   2.871e-06   2.401e-01   8.055e-03   1.344e-02
  202    1697   -6.107173e-01   2.904e-06   2.401e-01   8.022e-03   1.301e-02
  203    1703   -6.107182e-01   2.895e-06   2.401e-01   8.033e-03   1.311e-02
  204    1710   -6.107188e-01   2.634e-06   1.681e-01   5.628e-03   1.320e-02
  205    1717   -6.107195e-01   2.395e-06   1.681e-01   5.713e-03   1.323e-02
  206    1724   -6.107202e-01   2.188e-06   1.681e-01   5.805e-03   1.339e-02
  207    1731   -6.107209e-01   2.004e-06   1.681e-01   5.819e-03   1.367e-02
  208    1738   -6.107216e-01   1.833e-06   1.681e-01   5.784e-03   1.403e-02
  209    1745   -6.107223e-01   1.671e-06   1.681e-01   5.725e-03   1.443e-02
  210    1752   -6.107230e-01   1.515e-06   1.681e-01   5.658e-03   1.485e-02

                                                          Norm of First-order
 Iter F-count            f(x) Feasibility  Steplength        step  optimality
  211    1759   -6.107238e-01   1.363e-06   1.681e-01   5.592e-03   1.528e-02
  212    1766   -6.107245e-01   1.215e-06   1.681e-01   5.532e-03   1.570e-02
  213    1773   -6.107252e-01   1.138e-06   1.681e-01   5.480e-03   1.613e-02
  214    1780   -6.107259e-01   1.151e-06   1.681e-01   5.438e-03   1.655e-02
  215    1787   -6.107267e-01   1.156e-06   1.681e-01   5.408e-03   1.696e-02
  216    1794   -6.107274e-01   1.153e-06   1.681e-01   5.389e-03   1.736e-02
  217    1801   -6.107281e-01   1.143e-06   1.681e-01   5.383e-03   1.774e-02
  218    1808   -6.107289e-01   1.127e-06   1.681e-01   5.387e-03   1.811e-02
  219    1815   -6.107296e-01   1.105e-06   1.681e-01   5.400e-03   1.847e-02
  220    1822   -6.107303e-01   1.082e-06   1.681e-01   5.420e-03   1.879e-02
  221    1829   -6.107311e-01   1.055e-06   1.681e-01   5.445e-03   1.910e-02
  222    1836   -6.107318e-01   1.025e-06   1.681e-01   5.471e-03   1.938e-02
  223    1843   -6.107325e-01   9.920e-07   1.681e-01   5.496e-03   1.963e-02
  224    1850   -6.107332e-01   9.568e-07   1.681e-01   5.519e-03   1.985e-02
  225    1857   -6.107339e-01   9.198e-07   1.681e-01   5.536e-03   2.004e-02
  226    1864   -6.107346e-01   8.816e-07   1.681e-01   5.546e-03   2.020e-02
  227    1871   -6.107353e-01   8.425e-07   1.681e-01   5.548e-03   2.032e-02
  228    1878   -6.107359e-01   8.031e-07   1.681e-01   5.542e-03   2.042e-02
  229    1885   -6.107366e-01   7.637e-07   1.681e-01   5.527e-03   2.048e-02
  230    1892   -6.107372e-01   7.247e-07   1.681e-01   5.504e-03   2.051e-02
  231    1899   -6.107378e-01   6.864e-07   1.681e-01   5.474e-03   2.052e-02
  232    1906   -6.107384e-01   6.493e-07   1.681e-01   5.437e-03   2.050e-02
  233    1913   -6.107389e-01   6.134e-07   1.681e-01   5.396e-03   2.046e-02
  234    1920   -6.107395e-01   5.790e-07   1.681e-01   5.350e-03   2.041e-02
  235    1927   -6.107400e-01   5.462e-07   1.681e-01   5.302e-03   2.035e-02
  236    1934   -6.107405e-01   5.461e-07   1.681e-01   5.252e-03   2.028e-02
  237    1941   -6.107410e-01   5.465e-07   1.681e-01   5.202e-03   2.020e-02
  238    1948   -6.107415e-01   5.448e-07   1.681e-01   5.153e-03   2.013e-02
  239    1955   -6.107419e-01   5.412e-07   1.681e-01   5.106e-03   2.007e-02
  240    1962   -6.107424e-01   5.362e-07   1.681e-01   5.061e-03   2.001e-02

                                                          Norm of First-order
 Iter F-count            f(x) Feasibility  Steplength        step  optimality
  241    1969   -6.107428e-01   5.300e-07   1.681e-01   5.019e-03   1.997e-02
  242    1976   -6.107433e-01   5.229e-07   1.681e-01   4.982e-03   1.995e-02
  243    1983   -6.107437e-01   5.149e-07   1.681e-01   4.949e-03   1.995e-02
  244    1990   -6.107441e-01   5.064e-07   1.681e-01   4.920e-03   1.997e-02
  245    1997   -6.107445e-01   4.973e-07   1.681e-01   4.895e-03   2.001e-02
  246    2004   -6.107449e-01   4.879e-07   1.681e-01   4.875e-03   2.008e-02
  247    2011   -6.107453e-01   4.780e-07   1.681e-01   4.859e-03   2.018e-02
  248    2018   -6.107457e-01   4.679e-07   1.681e-01   4.848e-03   2.030e-02
  249    2025   -6.107461e-01   4.574e-07   1.681e-01   4.839e-03   2.044e-02
  250    2032   -6.107465e-01   4.465e-07   1.681e-01   4.834e-03   2.061e-02
  251    2039   -6.107469e-01   4.353e-07   1.681e-01   4.831e-03   2.079e-02
  252    2046   -6.107473e-01   4.237e-07   1.681e-01   4.830e-03   2.099e-02
  253    2053   -6.107477e-01   4.116e-07   1.681e-01   4.830e-03   2.121e-02
  254    2060   -6.107481e-01   3.991e-07   1.681e-01   4.831e-03   2.143e-02
  255    2067   -6.107485e-01   3.860e-07   1.681e-01   4.831e-03   2.165e-02
  256    2074   -6.107489e-01   3.723e-07   1.681e-01   4.830e-03   2.186e-02
  257    2080   -6.107495e-01   4.571e-07   2.401e-01   6.910e-03   2.216e-02
  258    2085   -6.107503e-01   2.984e-07   3.430e-01   9.757e-03   2.291e-02
  259    2093   -6.107505e-01   2.529e-07   1.176e-01   3.224e-03   2.297e-02
  260    2099   -6.107511e-01   4.286e-07   2.401e-01   6.570e-03   2.186e-02
  261    2104   -6.107519e-01   3.640e-07   3.430e-01   9.872e-03   2.239e-02
  262    2111   -6.107523e-01   2.712e-07   1.681e-01   4.657e-03   2.250e-02
  263    2117   -6.107528e-01   3.208e-07   2.401e-01   6.572e-03   2.152e-02
  264    2122   -6.107535e-01   3.019e-07   3.430e-01   9.679e-03   2.142e-02
  265    2129   -6.107539e-01   2.573e-07   1.681e-01   4.621e-03   2.145e-02
  266    2135   -6.107544e-01   2.737e-07   2.401e-01   6.455e-03   2.038e-02
  267    2140   -6.107551e-01   3.541e-07   3.430e-01   9.428e-03   2.002e-02
  268    2146   -6.107555e-01   3.061e-07   2.401e-01   6.390e-03   1.993e-02
  269    2151   -6.107561e-01   3.278e-07   3.430e-01   8.852e-03   1.864e-02
  270    2157   -6.107565e-01   2.837e-07   2.401e-01   6.191e-03   1.841e-02

                                                          Norm of First-order
 Iter F-count            f(x) Feasibility  Steplength        step  optimality
  271    2162   -6.107570e-01   4.178e-07   3.430e-01   8.580e-03   1.721e-02
  272    2168   -6.107573e-01   2.191e-07   2.401e-01   5.974e-03   1.699e-02
  273    2173   -6.107578e-01   5.432e-07   3.430e-01   8.283e-03   1.591e-02
  274    2178   -6.107582e-01   2.588e-07   3.430e-01   8.247e-03   1.567e-02
  275    2183   -6.107585e-01   2.701e-07   3.430e-01   7.915e-03   1.501e-02
  276    2187   -6.107590e-01   5.108e-07   4.900e-01   1.118e-02   1.412e-02
  277    2194   -6.107592e-01   3.539e-07   1.681e-01   3.754e-03   1.406e-02
  278    2200   -6.107594e-01   5.514e-07   2.401e-01   5.323e-03   1.317e-02
  279    2207   -6.107595e-01   5.296e-07   1.681e-01   4.005e-03   1.319e-02
  280    2215   -6.107597e-01   5.011e-07   1.176e-01   2.827e-03   1.319e-02
  281    2223   -6.107598e-01   4.914e-07   1.176e-01   2.886e-03   1.322e-02
  282    2232   -6.107599e-01   4.662e-07   8.235e-02   2.067e-03   1.333e-02
  283    2241   -6.107600e-01   4.474e-07   8.235e-02   2.092e-03   1.345e-02
  284    2250   -6.107601e-01   4.313e-07   8.235e-02   2.127e-03   1.363e-02
  285    2259   -6.107602e-01   4.169e-07   8.235e-02   2.142e-03   1.384e-02
  286    2268   -6.107603e-01   4.035e-07   8.235e-02   2.142e-03   1.406e-02
  287    2277   -6.107604e-01   3.907e-07   8.235e-02   2.132e-03   1.428e-02
  288    2286   -6.107605e-01   3.783e-07   8.235e-02   2.115e-03   1.447e-02
  289    2295   -6.107606e-01   3.660e-07   8.235e-02   2.094e-03   1.465e-02
  290    2304   -6.107606e-01   3.539e-07   8.235e-02   2.071e-03   1.479e-02
  291    2313   -6.107607e-01   3.417e-07   8.235e-02   2.045e-03   1.491e-02
  292    2322   -6.107608e-01   3.296e-07   8.235e-02   2.019e-03   1.500e-02
  293    2331   -6.107609e-01   3.176e-07   8.235e-02   1.992e-03   1.506e-02
  294    2340   -6.107610e-01   3.056e-07   8.235e-02   1.964e-03   1.509e-02
  295    2349   -6.107611e-01   2.937e-07   8.235e-02   1.937e-03   1.509e-02
  296    2358   -6.107612e-01   2.820e-07   8.235e-02   1.909e-03   1.507e-02
  297    2367   -6.107613e-01   2.705e-07   8.235e-02   1.882e-03   1.503e-02
  298    2376   -6.107613e-01   2.591e-07   8.235e-02   1.855e-03   1.497e-02
  299    2384   -6.107614e-01   2.616e-07   1.176e-01   2.621e-03   1.487e-02
  300    2392   -6.107615e-01   2.573e-07   1.176e-01   2.581e-03   1.481e-02

                                                          Norm of First-order
 Iter F-count            f(x) Feasibility  Steplength        step  optimality
  301    2400   -6.107616e-01   2.506e-07   1.176e-01   2.514e-03   1.471e-02
  302    2408   -6.107617e-01   2.425e-07   1.176e-01   2.454e-03   1.457e-02
  303    2416   -6.107618e-01   2.340e-07   1.176e-01   2.401e-03   1.441e-02
  304    2424   -6.107619e-01   2.248e-07   1.176e-01   2.353e-03   1.424e-02
  305    2432   -6.107620e-01   2.153e-07   1.176e-01   2.310e-03   1.407e-02
  306    2440   -6.107620e-01   2.057e-07   1.176e-01   2.269e-03   1.390e-02
  307    2448   -6.107621e-01   1.961e-07   1.176e-01   2.232e-03   1.373e-02
  308    2456   -6.107622e-01   1.866e-07   1.176e-01   2.196e-03   1.358e-02
  309    2464   -6.107622e-01   1.774e-07   1.176e-01   2.163e-03   1.343e-02
  310    2472   -6.107623e-01   1.684e-07   1.176e-01   2.131e-03   1.330e-02
  311    2480   -6.107624e-01   1.598e-07   1.176e-01   2.100e-03   1.318e-02
  312    2488   -6.107624e-01   1.515e-07   1.176e-01   2.070e-03   1.307e-02
  313    2496   -6.107625e-01   1.435e-07   1.176e-01   2.041e-03   1.296e-02
  314    2504   -6.107625e-01   1.360e-07   1.176e-01   2.013e-03   1.287e-02
  315    2512   -6.107626e-01   1.287e-07   1.176e-01   1.986e-03   1.279e-02
  316    2520   -6.107626e-01   1.219e-07   1.176e-01   1.959e-03   1.271e-02
  317    2528   -6.107627e-01   1.153e-07   1.176e-01   1.933e-03   1.264e-02
  318    2536   -6.107627e-01   1.092e-07   1.176e-01   1.907e-03   1.258e-02
  319    2544   -6.107628e-01   1.033e-07   1.176e-01   1.881e-03   1.251e-02
  320    2552   -6.107628e-01   9.782e-08   1.176e-01   1.855e-03   1.245e-02
  321    2560   -6.107628e-01   9.261e-08   1.176e-01   1.830e-03   1.239e-02
  322    2568   -6.107629e-01   8.769e-08   1.176e-01   1.805e-03   1.232e-02
  323    2576   -6.107629e-01   8.306e-08   1.176e-01   1.780e-03   1.226e-02
  324    2584   -6.107630e-01   7.869e-08   1.176e-01   1.756e-03   1.219e-02
  325    2592   -6.107630e-01   7.458e-08   1.176e-01   1.731e-03   1.212e-02
  326    2600   -6.107630e-01   7.072e-08   1.176e-01   1.707e-03   1.205e-02
  327    2608   -6.107631e-01   6.708e-08   1.176e-01   1.683e-03   1.198e-02
  328    2616   -6.107631e-01   6.366e-08   1.176e-01   1.660e-03   1.190e-02
  329    2624   -6.107632e-01   6.044e-08   1.176e-01   1.636e-03   1.181e-02
  330    2632   -6.107632e-01   5.743e-08   1.176e-01   1.613e-03   1.172e-02

                                                          Norm of First-order
 Iter F-count            f(x) Feasibility  Steplength        step  optimality
  331    2640   -6.107632e-01   5.460e-08   1.176e-01   1.591e-03   1.163e-02
  332    2648   -6.107632e-01   5.194e-08   1.176e-01   1.568e-03   1.153e-02
  333    2656   -6.107633e-01   4.945e-08   1.176e-01   1.546e-03   1.143e-02
  334    2664   -6.107633e-01   4.712e-08   1.176e-01   1.524e-03   1.132e-02
  335    2672   -6.107633e-01   4.494e-08   1.176e-01   1.503e-03   1.122e-02
  336    2680   -6.107634e-01   4.289e-08   1.176e-01   1.481e-03   1.110e-02
  337    2688   -6.107634e-01   4.099e-08   1.176e-01   1.461e-03   1.099e-02
  338    2696   -6.107634e-01   3.921e-08   1.176e-01   1.440e-03   1.087e-02
  339    2704   -6.107634e-01   3.755e-08   1.176e-01   1.420e-03   1.075e-02
  340    2712   -6.107635e-01   3.600e-08   1.176e-01   1.400e-03   1.062e-02
  341    2720   -6.107635e-01   3.456e-08   1.176e-01   1.381e-03   1.050e-02
  342    2728   -6.107635e-01   3.322e-08   1.176e-01   1.362e-03   1.037e-02
  343    2736   -6.107635e-01   3.197e-08   1.176e-01   1.343e-03   1.024e-02
  344    2744   -6.107636e-01   3.081e-08   1.176e-01   1.325e-03   1.012e-02
  345    2752   -6.107636e-01   2.973e-08   1.176e-01   1.307e-03   9.986e-03
  346    2760   -6.107636e-01   2.873e-08   1.176e-01   1.290e-03   9.857e-03
  347    2768   -6.107636e-01   2.780e-08   1.176e-01   1.273e-03   9.728e-03
  348    2776   -6.107636e-01   2.693e-08   1.176e-01   1.256e-03   9.599e-03
  349    2784   -6.107636e-01   2.612e-08   1.176e-01   1.240e-03   9.471e-03
  350    2792   -6.107637e-01   2.537e-08   1.176e-01   1.224e-03   9.343e-03
  351    2800   -6.107637e-01   2.467e-08   1.176e-01   1.208e-03   9.216e-03
  352    2808   -6.107637e-01   2.401e-08   1.176e-01   1.193e-03   9.090e-03
  353    2816   -6.107637e-01   2.339e-08   1.176e-01   1.178e-03   8.964e-03
  354    2824   -6.107637e-01   2.281e-08   1.176e-01   1.163e-03   8.840e-03
  355    2832   -6.107637e-01   2.227e-08   1.176e-01   1.148e-03   8.717e-03
  356    2840   -6.107638e-01   2.175e-08   1.176e-01   1.134e-03   8.595e-03
  357    2848   -6.107638e-01   2.126e-08   1.176e-01   1.120e-03   8.474e-03
  358    2856   -6.107638e-01   2.079e-08   1.176e-01   1.106e-03   8.354e-03
  359    2864   -6.107638e-01   2.034e-08   1.176e-01   1.092e-03   8.236e-03
  360    2872   -6.107638e-01   1.991e-08   1.176e-01   1.078e-03   8.118e-03

                                                          Norm of First-order
 Iter F-count            f(x) Feasibility  Steplength        step  optimality
  361    2880   -6.107638e-01   1.949e-08   1.176e-01   1.065e-03   8.002e-03
  362    2888   -6.107638e-01   1.908e-08   1.176e-01   1.052e-03   7.887e-03
  363    2896   -6.107638e-01   1.868e-08   1.176e-01   1.039e-03   7.773e-03
  364    2904   -6.107638e-01   1.830e-08   1.176e-01   1.026e-03   7.659e-03
  365    2912   -6.107639e-01   1.791e-08   1.176e-01   1.013e-03   7.547e-03
  366    2920   -6.107639e-01   1.754e-08   1.176e-01   9.998e-04   7.436e-03
  367    2928   -6.107639e-01   1.717e-08   1.176e-01   9.871e-04   7.326e-03
  368    2936   -6.107639e-01   1.680e-08   1.176e-01   9.744e-04   7.217e-03
  369    2944   -6.107639e-01   1.643e-08   1.176e-01   9.618e-04   7.109e-03
  370    2952   -6.107639e-01   1.606e-08   1.176e-01   9.493e-04   7.002e-03
  371    2960   -6.107639e-01   1.570e-08   1.176e-01   9.368e-04   6.896e-03
  372    2968   -6.107639e-01   1.533e-08   1.176e-01   9.244e-04   6.790e-03
  373    2976   -6.107639e-01   1.497e-08   1.176e-01   9.121e-04   6.686e-03
  374    2984   -6.107639e-01   1.461e-08   1.176e-01   8.998e-04   6.583e-03
  375    2992   -6.107639e-01   1.424e-08   1.176e-01   8.876e-04   6.480e-03
  376    3000   -6.107639e-01   1.388e-08   1.176e-01   8.755e-04   6.379e-03
  377    3008   -6.107639e-01   1.351e-08   1.176e-01   8.635e-04   6.279e-03
  378    3016   -6.107639e-01   1.315e-08   1.176e-01   8.516e-04   6.180e-03
  379    3024   -6.107639e-01   1.279e-08   1.176e-01   8.398e-04   6.082e-03
  380    3032   -6.107640e-01   1.243e-08   1.176e-01   8.281e-04   5.985e-03
  381    3040   -6.107640e-01   1.207e-08   1.176e-01   8.166e-04   5.890e-03
  382    3048   -6.107640e-01   1.171e-08   1.176e-01   8.052e-04   5.796e-03
  383    3056   -6.107640e-01   1.136e-08   1.176e-01   7.939e-04   5.704e-03
  384    3064   -6.107640e-01   1.100e-08   1.176e-01   7.828e-04   5.614e-03
  385    3072   -6.107640e-01   1.066e-08   1.176e-01   7.719e-04   5.525e-03
  386    3080   -6.107640e-01   1.031e-08   1.176e-01   7.612e-04   5.438e-03
  387    3088   -6.107640e-01   9.970e-09   1.176e-01   7.508e-04   5.353e-03
  388    3096   -6.107640e-01   9.633e-09   1.176e-01   7.405e-04   5.270e-03
  389    3104   -6.107640e-01   9.301e-09   1.176e-01   7.305e-04   5.189e-03
  390    3112   -6.107640e-01   8.975e-09   1.176e-01   7.208e-04   5.111e-03

                                                          Norm of First-order
 Iter F-count            f(x) Feasibility  Steplength        step  optimality
  391    3120   -6.107640e-01   8.654e-09   1.176e-01   7.113e-04   5.035e-03
  392    3128   -6.107640e-01   8.339e-09   1.176e-01   7.022e-04   4.962e-03
  393    3136   -6.107640e-01   8.030e-09   1.176e-01   6.933e-04   4.891e-03
  394    3144   -6.107640e-01   7.728e-09   1.176e-01   6.848e-04   4.823e-03
  395    3152   -6.107640e-01   7.432e-09   1.176e-01   6.767e-04   4.758e-03
  396    3160   -6.107640e-01   7.142e-09   1.176e-01   6.689e-04   4.697e-03
  397    3168   -6.107640e-01   6.859e-09   1.176e-01   6.615e-04   4.638e-03
  398    3176   -6.107640e-01   6.582e-09   1.176e-01   6.545e-04   4.583e-03
  399    3184   -6.107640e-01   6.312e-09   1.176e-01   6.479e-04   4.532e-03
  400    3192   -6.107640e-01   6.049e-09   1.176e-01   6.417e-04   4.484e-03
  401    3200   -6.107640e-01   5.791e-09   1.176e-01   6.361e-04   4.441e-03
  402    3208   -6.107640e-01   5.540e-09   1.176e-01   6.308e-04   4.401e-03
  403    3216   -6.107640e-01   5.294e-09   1.176e-01   6.261e-04   4.366e-03
  404    3224   -6.107640e-01   5.054e-09   1.176e-01   6.218e-04   4.335e-03
  405    3232   -6.107640e-01   4.819e-09   1.176e-01   6.181e-04   4.309e-03
  406    3240   -6.107640e-01   4.588e-09   1.176e-01   6.149e-04   4.287e-03
  407    3248   -6.107640e-01   4.361e-09   1.176e-01   6.123e-04   4.271e-03
  408    3256   -6.107640e-01   4.138e-09   1.176e-01   6.102e-04   4.260e-03
  409    3264   -6.107640e-01   3.917e-09   1.176e-01   6.087e-04   4.255e-03
  410    3271   -6.107640e-01   4.043e-09   1.681e-01   8.690e-04   4.256e-03
  411    3275   -6.107641e-01   4.237e-09   4.900e-01   2.491e-03   4.310e-03
  412    3282   -6.107641e-01   1.541e-09   1.681e-01   7.232e-04   4.254e-03
  413    3288   -6.107641e-01   1.615e-09   2.401e-01   1.075e-03   3.943e-03
  414    3294   -6.107641e-01   1.702e-09   2.401e-01   1.114e-03   3.822e-03
  415    3302   -6.107641e-01   1.728e-09   1.176e-01   5.503e-04   3.781e-03
  416    3308   -6.107641e-01   1.714e-09   2.401e-01   1.167e-03   3.682e-03
  417    3315   -6.107641e-01   1.177e-09   1.681e-01   8.242e-04   3.721e-03
  418    3322   -6.107641e-01   1.350e-09   1.681e-01   8.376e-04   3.728e-03
  419    3330   -6.107641e-01   1.438e-09   1.176e-01   6.009e-04   3.759e-03
  420    3337   -6.107641e-01   1.510e-09   1.681e-01   8.914e-04   3.828e-03

                                                          Norm of First-order
 Iter F-count            f(x) Feasibility  Steplength        step  optimality
  421    3345   -6.107641e-01   1.754e-09   1.176e-01   6.349e-04   3.912e-03
  422    3353   -6.107641e-01   1.833e-09   1.176e-01   6.542e-04   3.997e-03
  423    3361   -6.107641e-01   2.000e-09   1.176e-01   6.744e-04   4.085e-03
  424    3369   -6.107641e-01   2.245e-09   1.176e-01   6.912e-04   4.174e-03
  425    3377   -6.107641e-01   2.552e-09   1.176e-01   7.056e-04   4.263e-03
  426    3386   -6.107641e-01   2.570e-09   8.235e-02   5.033e-04   4.327e-03
  427    3394   -6.107641e-01   2.892e-09   1.176e-01   7.433e-04   4.419e-03
  428    3403   -6.107641e-01   2.934e-09   8.235e-02   5.268e-04   4.483e-03
  429    3412   -6.107641e-01   2.964e-09   8.235e-02   5.407e-04   4.548e-03
  430    3421   -6.107641e-01   3.014e-09   8.235e-02   5.537e-04   4.613e-03
  431    3430   -6.107641e-01   3.073e-09   8.235e-02   5.640e-04   4.678e-03
  432    3439   -6.107641e-01   3.128e-09   8.235e-02   5.723e-04   4.742e-03
  433    3448   -6.107641e-01   3.169e-09   8.235e-02   5.793e-04   4.805e-03
  434    3457   -6.107641e-01   3.369e-09   8.235e-02   5.853e-04   4.867e-03
  435    3466   -6.107641e-01   3.635e-09   8.235e-02   5.906e-04   4.927e-03
  436    3475   -6.107641e-01   3.897e-09   8.235e-02   5.954e-04   4.985e-03
  437    3484   -6.107641e-01   4.147e-09   8.235e-02   5.999e-04   5.041e-03
  438    3493   -6.107642e-01   4.379e-09   8.235e-02   6.041e-04   5.094e-03
  439    3502   -6.107642e-01   4.586e-09   8.235e-02   6.081e-04   5.145e-03
  440    3510   -6.107642e-01   5.644e-09   1.176e-01   8.734e-04   5.213e-03
  441    3518   -6.107642e-01   6.452e-09   1.176e-01   8.630e-04   5.276e-03
  442    3526   -6.107642e-01   7.027e-09   1.176e-01   8.592e-04   5.332e-03
  443    3534   -6.107642e-01   7.421e-09   1.176e-01   8.608e-04   5.384e-03
  444    3542   -6.107642e-01   7.645e-09   1.176e-01   8.653e-04   5.429e-03
  445    3550   -6.107642e-01   7.714e-09   1.176e-01   8.712e-04   5.470e-03
  446    3558   -6.107642e-01   7.641e-09   1.176e-01   8.779e-04   5.505e-03
  447    3566   -6.107642e-01   7.438e-09   1.176e-01   8.850e-04   5.535e-03
  448    3574   -6.107643e-01   7.163e-09   1.176e-01   8.924e-04   5.560e-03
  449    3582   -6.107643e-01   8.605e-09   1.176e-01   8.997e-04   5.579e-03
  450    3590   -6.107643e-01   1.003e-08   1.176e-01   9.070e-04   5.593e-03

                                                          Norm of First-order
 Iter F-count            f(x) Feasibility  Steplength        step  optimality
  451    3598   -6.107643e-01   1.142e-08   1.176e-01   9.140e-04   5.602e-03
  452    3606   -6.107643e-01   1.276e-08   1.176e-01   9.208e-04   5.606e-03
  453    3614   -6.107643e-01   1.403e-08   1.176e-01   9.272e-04   5.605e-03
  454    3622   -6.107643e-01   1.521e-08   1.176e-01   9.333e-04   5.600e-03
  455    3630   -6.107643e-01   1.630e-08   1.176e-01   9.388e-04   5.590e-03
  456    3638   -6.107644e-01   1.729e-08   1.176e-01   9.439e-04   5.575e-03
  457    3646   -6.107644e-01   1.817e-08   1.176e-01   9.484e-04   5.557e-03
  458    3654   -6.107644e-01   1.895e-08   1.176e-01   9.525e-04   5.534e-03
  459    3662   -6.107644e-01   1.962e-08   1.176e-01   9.559e-04   5.508e-03
  460    3670   -6.107644e-01   2.018e-08   1.176e-01   9.589e-04   5.477e-03
  461    3678   -6.107644e-01   2.064e-08   1.176e-01   9.613e-04   5.443e-03
  462    3686   -6.107644e-01   2.099e-08   1.176e-01   9.633e-04   5.406e-03
  463    3694   -6.107644e-01   2.124e-08   1.176e-01   9.649e-04   5.365e-03
  464    3702   -6.107644e-01   2.141e-08   1.176e-01   9.662e-04   5.321e-03
  465    3710   -6.107645e-01   2.148e-08   1.176e-01   9.672e-04   5.327e-03
  466    3718   -6.107645e-01   2.147e-08   1.176e-01   9.680e-04   5.475e-03
  467    3726   -6.107645e-01   2.137e-08   1.176e-01   9.688e-04   5.623e-03
  468    3734   -6.107645e-01   2.121e-08   1.176e-01   9.696e-04   5.770e-03
  469    3742   -6.107645e-01   2.097e-08   1.176e-01   9.706e-04   5.916e-03
  470    3750   -6.107645e-01   2.068e-08   1.176e-01   9.719e-04   6.061e-03
  471    3758   -6.107645e-01   2.033e-08   1.176e-01   9.737e-04   6.206e-03
  472    3766   -6.107645e-01   1.992e-08   1.176e-01   9.760e-04   6.024e-03
  473    3774   -6.107645e-01   1.946e-08   1.176e-01   9.791e-04   5.843e-03
  474    3782   -6.107645e-01   1.895e-08   1.176e-01   9.831e-04   5.665e-03
  475    3790   -6.107645e-01   1.838e-08   1.176e-01   9.882e-04   5.491e-03
  476    3798   -6.107646e-01   1.777e-08   1.176e-01   9.944e-04   5.322e-03
  477    3806   -6.107646e-01   1.709e-08   1.176e-01   1.002e-03   5.158e-03
  478    3814   -6.107646e-01   1.636e-08   1.176e-01   1.011e-03   4.999e-03
  479    3822   -6.107646e-01   1.556e-08   1.176e-01   1.022e-03   4.845e-03
  480    3830   -6.107646e-01   1.469e-08   1.176e-01   1.034e-03   4.696e-03

                                                          Norm of First-order
 Iter F-count            f(x) Feasibility  Steplength        step  optimality
  481    3838   -6.107646e-01   1.372e-08   1.176e-01   1.049e-03   4.552e-03
  482    3846   -6.107646e-01   1.266e-08   1.176e-01   1.065e-03   4.413e-03
  483    3854   -6.107646e-01   1.147e-08   1.176e-01   1.084e-03   4.279e-03
  484    3862   -6.107646e-01   1.013e-08   1.176e-01   1.105e-03   4.149e-03
  485    3870   -6.107646e-01   1.055e-08   1.176e-01   1.128e-03   4.056e-03
  486    3878   -6.107646e-01   1.111e-08   1.176e-01   1.154e-03   4.114e-03
  487    3886   -6.107646e-01   1.174e-08   1.176e-01   1.183e-03   4.180e-03
  488    3894   -6.107646e-01   1.245e-08   1.176e-01   1.214e-03   4.253e-03
  489    3902   -6.107647e-01   1.340e-08   1.176e-01   1.247e-03   4.333e-03
  490    3910   -6.107647e-01   1.451e-08   1.176e-01   1.283e-03   4.420e-03
  491    3918   -6.107647e-01   1.574e-08   1.176e-01   1.321e-03   4.514e-03
  492    3927   -6.107647e-01   1.559e-08   8.235e-02   9.553e-04   4.584e-03
  493    3936   -6.107647e-01   1.554e-08   8.235e-02   1.000e-03   4.666e-03
  494    3945   -6.107647e-01   1.569e-08   8.235e-02   1.036e-03   4.762e-03
  495    3954   -6.107647e-01   1.598e-08   8.235e-02   1.070e-03   4.872e-03
  496    3963   -6.107647e-01   1.640e-08   8.235e-02   1.104e-03   4.991e-03
  497    3972   -6.107647e-01   1.695e-08   8.235e-02   1.137e-03   5.113e-03
  498    3982   -6.107647e-01   1.681e-08   5.765e-02   8.198e-04   5.201e-03
  499    3992   -6.107647e-01   1.711e-08   5.765e-02   8.519e-04   5.291e-03
  500    4002   -6.107647e-01   1.760e-08   5.765e-02   8.756e-04   5.382e-03
  501    4012   -6.107647e-01   1.826e-08   5.765e-02   8.977e-04   5.475e-03
  502    4022   -6.107648e-01   1.908e-08   5.765e-02   9.183e-04   5.569e-03
  503    4032   -6.107648e-01   2.003e-08   5.765e-02   9.375e-04   5.665e-03
  504    4042   -6.107648e-01   2.111e-08   5.765e-02   9.551e-04   5.761e-03
  505    4052   -6.107648e-01   2.229e-08   5.765e-02   9.714e-04   5.858e-03
  506    4062   -6.107648e-01   2.355e-08   5.765e-02   9.862e-04   5.956e-03
  507    4073   -6.107648e-01   2.337e-08   4.035e-02   7.010e-04   6.025e-03
  508    4084   -6.107648e-01   2.319e-08   4.035e-02   7.168e-04   6.096e-03
  509    4095   -6.107648e-01   2.305e-08   4.035e-02   7.267e-04   6.167e-03
  510    4106   -6.107648e-01   2.294e-08   4.035e-02   7.355e-04   6.239e-03

                                                          Norm of First-order
 Iter F-count            f(x) Feasibility  Steplength        step  optimality
  511    4117   -6.107648e-01   2.284e-08   4.035e-02   7.434e-04   6.312e-03
  512    4128   -6.107648e-01   2.277e-08   4.035e-02   7.503e-04   6.385e-03
  513    4139   -6.107648e-01   2.269e-08   4.035e-02   7.564e-04   6.459e-03
  514    4150   -6.107648e-01   2.261e-08   4.035e-02   7.616e-04   6.533e-03
  515    4161   -6.107648e-01   2.253e-08   4.035e-02   7.660e-04   6.608e-03
  516    4171   -6.107649e-01   2.406e-08   5.765e-02   1.098e-03   6.716e-03
  517    4181   -6.107649e-01   2.552e-08   5.765e-02   1.090e-03   6.823e-03
  518    4191   -6.107649e-01   2.677e-08   5.765e-02   1.088e-03   6.930e-03
  519    4201   -6.107649e-01   2.780e-08   5.765e-02   1.087e-03   7.037e-03
  520    4211   -6.107649e-01   2.863e-08   5.765e-02   1.085e-03   7.145e-03
  521    4221   -6.107649e-01   2.926e-08   5.765e-02   1.083e-03   7.253e-03
  522    4231   -6.107649e-01   2.969e-08   5.765e-02   1.080e-03   7.361e-03
  523    4241   -6.107649e-01   2.994e-08   5.765e-02   1.078e-03   7.470e-03
  524    4251   -6.107650e-01   3.000e-08   5.765e-02   1.076e-03   7.580e-03
  525    4261   -6.107650e-01   2.990e-08   5.765e-02   1.073e-03   7.690e-03
  526    4271   -6.107650e-01   2.964e-08   5.765e-02   1.071e-03   7.801e-03
  527    4281   -6.107650e-01   2.922e-08   5.765e-02   1.069e-03   7.914e-03
  528    4290   -6.107650e-01   3.072e-08   8.235e-02   1.521e-03   8.075e-03
  529    4299   -6.107650e-01   3.205e-08   8.235e-02   1.498e-03   8.236e-03
  530    4308   -6.107650e-01   3.274e-08   8.235e-02   1.487e-03   8.397e-03
  531    4317   -6.107651e-01   3.289e-08   8.235e-02   1.477e-03   8.560e-03
  532    4326   -6.107651e-01   3.257e-08   8.235e-02   1.470e-03   8.724e-03
  533    4335   -6.107651e-01   3.184e-08   8.235e-02   1.465e-03   8.890e-03
  534    4344   -6.107651e-01   3.078e-08   8.235e-02   1.462e-03   9.058e-03
  535    4352   -6.107651e-01   3.147e-08   1.176e-01   2.083e-03   9.301e-03
  536    4360   -6.107652e-01   3.271e-08   1.176e-01   2.052e-03   9.544e-03
  537    4368   -6.107652e-01   3.293e-08   1.176e-01   2.039e-03   9.789e-03
  538    4376   -6.107652e-01   3.234e-08   1.176e-01   2.034e-03   1.004e-02
  539    4384   -6.107653e-01   3.112e-08   1.176e-01   2.037e-03   1.029e-02
  540    4392   -6.107653e-01   2.946e-08   1.176e-01   2.046e-03   1.055e-02

                                                          Norm of First-order
 Iter F-count            f(x) Feasibility  Steplength        step  optimality
  541    4400   -6.107653e-01   3.001e-08   1.176e-01   2.061e-03   1.079e-02
  542    4409   -6.107653e-01   2.924e-08   8.235e-02   1.458e-03   1.087e-02
  543    4418   -6.107653e-01   2.841e-08   8.235e-02   1.496e-03   1.095e-02
  544    4427   -6.107654e-01   2.776e-08   8.235e-02   1.533e-03   1.107e-02
  545    4436   -6.107654e-01   2.734e-08   8.235e-02   1.573e-03   1.121e-02
  546    4445   -6.107654e-01   2.718e-08   8.235e-02   1.618e-03   1.137e-02
  547    4455   -6.107654e-01   2.662e-08   5.765e-02   1.169e-03   1.150e-02
  548    4465   -6.107655e-01   2.620e-08   5.765e-02   1.220e-03   1.163e-02
  549    4475   -6.107655e-01   2.647e-08   5.765e-02   1.280e-03   1.179e-02
  550    4486   -6.107655e-01   2.695e-08   4.035e-02   9.438e-04   1.190e-02
  551    4497   -6.107655e-01   2.786e-08   4.035e-02   1.006e-03   1.201e-02
  552    4508   -6.107655e-01   2.934e-08   4.035e-02   1.081e-03   1.212e-02
  553    4520   -6.107656e-01   2.992e-08   2.825e-02   8.192e-04   1.217e-02
  554    4532   -6.107656e-01   3.101e-08   2.825e-02   8.986e-04   1.217e-02
  555    4545   -6.107656e-01   3.153e-08   1.977e-02   6.978e-04   1.211e-02
  556    4558   -6.107656e-01   3.257e-08   1.977e-02   7.836e-04   1.193e-02
  557    4572   -6.107656e-01   3.316e-08   1.384e-02   6.214e-04   1.166e-02
  558    4586   -6.107656e-01   3.427e-08   1.384e-02   7.071e-04   1.116e-02
  559    4601   -6.107656e-01   3.492e-08   9.689e-03   5.577e-04   1.056e-02
  560    4616   -6.107657e-01   3.590e-08   9.689e-03   6.164e-04   9.645e-03
  561    4632   -6.107657e-01   3.633e-08   6.782e-03   4.529e-04   8.788e-03
  562    4648   -6.107657e-01   3.679e-08   6.782e-03   4.617e-04   7.762e-03
  563    4663   -6.107657e-01   3.779e-08   9.689e-03   6.392e-04   6.208e-03
  564    4678   -6.107657e-01   3.830e-08   9.689e-03   5.611e-04   4.875e-03
  565    4692   -6.107657e-01   3.904e-08   1.384e-02   7.077e-04   3.278e-03
  566    4706   -6.107657e-01   3.923e-08   1.384e-02   6.016e-04   2.056e-03
  567    4719   -6.107658e-01   3.955e-08   1.977e-02   7.599e-04   8.600e-04
  568    4731   -6.107658e-01   3.995e-08   2.825e-02   9.418e-04   9.571e-04
  569    4743   -6.107658e-01   3.972e-08   2.825e-02   8.085e-04   1.041e-03
  570    4754   -6.107658e-01   3.959e-08   4.035e-02   1.034e-03   1.150e-03

                                                          Norm of First-order
 Iter F-count            f(x) Feasibility  Steplength        step  optimality
  571    4765   -6.107658e-01   3.895e-08   4.035e-02   9.156e-04   1.246e-03
  572    4776   -6.107659e-01   3.810e-08   4.035e-02   8.348e-04   1.335e-03
  573    4786   -6.107659e-01   3.847e-08   5.765e-02   1.106e-03   1.474e-03
  574    4796   -6.107659e-01   3.838e-08   5.765e-02   1.009e-03   1.625e-03
  575    4806   -6.107659e-01   3.793e-08   5.765e-02   9.336e-04   1.765e-03
  576    4815   -6.107660e-01   3.919e-08   8.235e-02   1.245e-03   1.954e-03
  577    4824   -6.107660e-01   4.010e-08   8.235e-02   1.137e-03   2.126e-03
  578    4833   -6.107660e-01   3.994e-08   8.235e-02   1.047e-03   2.285e-03
  579    4841   -6.107660e-01   4.221e-08   1.176e-01   1.385e-03   2.495e-03
  580    4849   -6.107661e-01   4.231e-08   1.176e-01   1.246e-03   2.684e-03
  581    4856   -6.107661e-01   4.560e-08   1.681e-01   1.607e-03   2.926e-03
  582    4863   -6.107661e-01   4.478e-08   1.681e-01   1.397e-03   3.134e-03
  583    4869   -6.107661e-01   4.679e-08   2.401e-01   1.748e-03   3.392e-03
  584    4875   -6.107661e-01   4.300e-08   2.401e-01   1.459e-03   3.603e-03
  585    4880   -6.107662e-01   4.078e-08   3.430e-01   1.775e-03   3.851e-03
  586    4885   -6.107662e-01   3.331e-08   3.430e-01   1.435e-03   3.317e-03
  587    4889   -6.107662e-01   3.308e-08   4.900e-01   1.779e-03   2.709e-03
  588    4893   -6.107662e-01   2.940e-08   4.900e-01   1.533e-03   2.368e-03
  589    4897   -6.107662e-01   2.921e-08   4.900e-01   1.686e-03   2.139e-03
  590    4902   -6.107663e-01   2.518e-08   3.430e-01   1.603e-03   2.093e-03
  591    4909   -6.107663e-01   2.110e-08   1.681e-01   1.247e-03   2.183e-03
  592    4918   -6.107663e-01   1.911e-08   8.235e-02   9.499e-04   2.295e-03
  593    4928   -6.107663e-01   1.770e-08   5.765e-02   9.340e-04   2.411e-03
  594    4939   -6.107663e-01   1.749e-08   4.035e-02   8.315e-04   2.512e-03
  595    4951   -6.107663e-01   1.815e-08   2.825e-02   6.882e-04   2.594e-03
  596    4963   -6.107663e-01   1.930e-08   2.825e-02   7.787e-04   2.685e-03
  597    4975   -6.107663e-01   2.080e-08   2.825e-02   8.477e-04   2.782e-03
  598    4987   -6.107663e-01   2.248e-08   2.825e-02   8.911e-04   2.884e-03
  599    4999   -6.107663e-01   2.418e-08   2.825e-02   9.130e-04   2.986e-03
  600    5011   -6.107664e-01   2.575e-08   2.825e-02   9.173e-04   3.052e-03

                                                          Norm of First-order
 Iter F-count            f(x) Feasibility  Steplength        step  optimality
  601    5023   -6.107664e-01   2.713e-08   2.825e-02   9.081e-04   3.092e-03
  602    5035   -6.107664e-01   2.826e-08   2.825e-02   8.889e-04   3.117e-03
  603    5047   -6.107664e-01   2.915e-08   2.825e-02   8.626e-04   3.131e-03
  604    5059   -6.107664e-01   2.979e-08   2.825e-02   8.319e-04   3.135e-03
  605    5071   -6.107664e-01   3.021e-08   2.825e-02   7.987e-04   3.131e-03
  606    5082   -6.107664e-01   3.255e-08   4.035e-02   1.096e-03   3.119e-03
  607    5093   -6.107664e-01   3.416e-08   4.035e-02   1.032e-03   3.101e-03
  608    5104   -6.107664e-01   3.511e-08   4.035e-02   9.619e-04   3.081e-03
  609    5115   -6.107665e-01   3.556e-08   4.035e-02   8.966e-04   3.059e-03
  610    5126   -6.107665e-01   3.564e-08   4.035e-02   8.362e-04   3.037e-03
  611    5136   -6.107665e-01   3.749e-08   5.765e-02   1.119e-03   3.005e-03
  612    5146   -6.107665e-01   3.832e-08   5.765e-02   1.022e-03   2.975e-03
  613    5156   -6.107665e-01   3.836e-08   5.765e-02   9.289e-04   2.949e-03
  614    5165   -6.107665e-01   4.057e-08   8.235e-02   1.213e-03   2.916e-03
  615    5174   -6.107665e-01   4.098e-08   8.235e-02   1.071e-03   2.890e-03
  616    5183   -6.107665e-01   4.022e-08   8.235e-02   9.432e-04   2.868e-03
  617    5191   -6.107665e-01   4.115e-08   1.176e-01   1.195e-03   2.842e-03
  618    5199   -6.107665e-01   3.984e-08   1.176e-01   1.012e-03   2.822e-03
  619    5206   -6.107666e-01   3.982e-08   1.681e-01   1.230e-03   2.798e-03
  620    5213   -6.107666e-01   3.657e-08   1.681e-01   9.799e-04   2.779e-03
  621    5219   -6.107666e-01   3.314e-08   2.401e-01   1.128e-03   2.750e-03
  622    5224   -6.107666e-01   2.786e-08   3.430e-01   1.196e-03   2.708e-03
  623    5227   -6.107666e-01   2.000e-08   7.000e-01   1.613e-03   2.624e-03
  624    5229   -6.107666e-01   1.774e-09   1.000e+00   8.601e-04   2.536e-03
  625    5232   -6.107666e-01   1.244e-09   7.000e-01   5.271e-04   2.449e-03
  626    5238   -6.107666e-01   2.052e-09   2.401e-01   5.263e-04   2.377e-03
  627    5246   -6.107666e-01   2.633e-09   1.176e-01   5.175e-04   2.320e-03
  628    5256   -6.107666e-01   2.740e-09   5.765e-02   3.723e-04   2.287e-03
  629    5267   -6.107666e-01   2.806e-09   4.035e-02   3.311e-04   2.266e-03
  630    5278   -6.107666e-01   2.998e-09   4.035e-02   3.846e-04   2.250e-03

                                                          Norm of First-order
 Iter F-count            f(x) Feasibility  Steplength        step  optimality
  631    5290   -6.107666e-01   3.071e-09   2.825e-02   2.967e-04   2.245e-03
  632    5302   -6.107666e-01   3.216e-09   2.825e-02   3.206e-04   2.245e-03
  633    5315   -6.107666e-01   3.259e-09   1.977e-02   2.374e-04   2.247e-03
  634    5328   -6.107666e-01   3.335e-09   1.977e-02   2.497e-04   2.249e-03
  635    5341   -6.107667e-01   3.449e-09   1.977e-02   2.590e-04   2.253e-03
  636    5354   -6.107667e-01   3.599e-09   1.977e-02   2.663e-04   2.258e-03
  637    5367   -6.107667e-01   3.787e-09   1.977e-02   2.718e-04   2.264e-03
  638    5380   -6.107667e-01   4.008e-09   1.977e-02   2.759e-04   2.272e-03
  639    5393   -6.107667e-01   4.260e-09   1.977e-02   2.787e-04   2.281e-03
  640    5406   -6.107667e-01   4.538e-09   1.977e-02   2.806e-04   2.291e-03
  641    5419   -6.107667e-01   4.839e-09   1.977e-02   2.816e-04   2.302e-03
  642    5432   -6.107667e-01   5.158e-09   1.977e-02   2.820e-04   2.314e-03
  643    5445   -6.107667e-01   5.492e-09   1.977e-02   2.818e-04   2.327e-03
  644    5458   -6.107667e-01   5.836e-09   1.977e-02   2.811e-04   2.341e-03
  645    5471   -6.107667e-01   6.188e-09   1.977e-02   2.800e-04   2.356e-03
  646    5484   -6.107667e-01   6.545e-09   1.977e-02   2.787e-04   2.372e-03
  647    5497   -6.107667e-01   6.904e-09   1.977e-02   2.771e-04   2.388e-03
  648    5510   -6.107667e-01   7.265e-09   1.977e-02   2.755e-04   2.406e-03
  649    5523   -6.107667e-01   7.624e-09   1.977e-02   2.737e-04   2.424e-03
  650    5536   -6.107667e-01   7.981e-09   1.977e-02   2.719e-04   2.443e-03
  651    5549   -6.107667e-01   8.334e-09   1.977e-02   2.701e-04   2.463e-03
  652    5562   -6.107668e-01   8.683e-09   1.977e-02   2.684e-04   2.483e-03
  653    5575   -6.107668e-01   9.027e-09   1.977e-02   2.668e-04   2.504e-03
  654    5588   -6.107668e-01   9.365e-09   1.977e-02   2.653e-04   2.526e-03
  655    5601   -6.107668e-01   9.696e-09   1.977e-02   2.640e-04   2.549e-03
  656    5614   -6.107668e-01   1.002e-08   1.977e-02   2.629e-04   2.573e-03
  657    5627   -6.107668e-01   1.034e-08   1.977e-02   2.621e-04   2.597e-03
  658    5640   -6.107668e-01   1.065e-08   1.977e-02   2.615e-04   2.622e-03
  659    5653   -6.107668e-01   1.095e-08   1.977e-02   2.611e-04   2.648e-03
  660    5666   -6.107668e-01   1.125e-08   1.977e-02   2.611e-04   2.675e-03

                                                          Norm of First-order
 Iter F-count            f(x) Feasibility  Steplength        step  optimality
  661    5679   -6.107668e-01   1.154e-08   1.977e-02   2.613e-04   2.703e-03
  662    5692   -6.107668e-01   1.182e-08   1.977e-02   2.619e-04   2.731e-03
  663    5705   -6.107668e-01   1.209e-08   1.977e-02   2.628e-04   2.760e-03
  664    5718   -6.107668e-01   1.235e-08   1.977e-02   2.640e-04   2.790e-03
  665    5730   -6.107669e-01   1.345e-08   2.825e-02   3.798e-04   2.835e-03
  666    5742   -6.107669e-01   1.447e-08   2.825e-02   3.807e-04   2.880e-03
  667    5754   -6.107669e-01   1.541e-08   2.825e-02   3.820e-04   2.927e-03
  668    5766   -6.107669e-01   1.628e-08   2.825e-02   3.844e-04   2.975e-03
  669    5778   -6.107669e-01   1.709e-08   2.825e-02   3.876e-04   3.024e-03
  670    5790   -6.107669e-01   1.785e-08   2.825e-02   3.916e-04   3.074e-03
  671    5802   -6.107669e-01   1.856e-08   2.825e-02   3.961e-04   3.125e-03
  672    5814   -6.107669e-01   1.922e-08   2.825e-02   4.011e-04   3.177e-03
  673    5826   -6.107669e-01   1.983e-08   2.825e-02   4.065e-04   3.230e-03
  674    5838   -6.107669e-01   2.041e-08   2.825e-02   4.121e-04   3.284e-03
  675    5850   -6.107670e-01   2.095e-08   2.825e-02   4.179e-04   3.339e-03
  676    5862   -6.107670e-01   2.145e-08   2.825e-02   4.236e-04   3.395e-03
  677    5874   -6.107670e-01   2.192e-08   2.825e-02   4.293e-04   3.451e-03
  678    5886   -6.107670e-01   2.236e-08   2.825e-02   4.348e-04   3.509e-03
  679    5898   -6.107670e-01   2.277e-08   2.825e-02   4.400e-04   3.567e-03
  680    5910   -6.107670e-01   2.328e-08   2.825e-02   4.448e-04   3.625e-03
  681    5922   -6.107670e-01   2.395e-08   2.825e-02   4.493e-04   3.684e-03
  682    5934   -6.107670e-01   2.461e-08   2.825e-02   4.534e-04   3.744e-03
  683    5946   -6.107670e-01   2.525e-08   2.825e-02   4.570e-04   3.803e-03
  684    5958   -6.107671e-01   2.587e-08   2.825e-02   4.601e-04   3.863e-03
  685    5970   -6.107671e-01   2.647e-08   2.825e-02   4.627e-04   3.924e-03
  686    5982   -6.107671e-01   2.705e-08   2.825e-02   4.648e-04   3.984e-03
  687    5994   -6.107671e-01   2.762e-08   2.825e-02   4.664e-04   4.044e-03
  688    6006   -6.107671e-01   2.816e-08   2.825e-02   4.676e-04   4.104e-03
  689    6018   -6.107671e-01   2.869e-08   2.825e-02   4.684e-04   4.165e-03
  690    6030   -6.107671e-01   2.920e-08   2.825e-02   4.688e-04   4.224e-03

                                                          Norm of First-order
 Iter F-count            f(x) Feasibility  Steplength        step  optimality
  691    6042   -6.107671e-01   2.969e-08   2.825e-02   4.689e-04   4.284e-03
  692    6054   -6.107671e-01   3.017e-08   2.825e-02   4.687e-04   4.344e-03
  693    6066   -6.107672e-01   3.063e-08   2.825e-02   4.682e-04   4.403e-03
  694    6078   -6.107672e-01   3.107e-08   2.825e-02   4.676e-04   4.462e-03
  695    6090   -6.107672e-01   3.150e-08   2.825e-02   4.668e-04   4.520e-03
  696    6102   -6.107672e-01   3.191e-08   2.825e-02   4.659e-04   4.579e-03
  697    6114   -6.107672e-01   3.231e-08   2.825e-02   4.649e-04   4.636e-03
  698    6126   -6.107672e-01   3.270e-08   2.825e-02   4.639e-04   4.694e-03
  699    6138   -6.107672e-01   3.307e-08   2.825e-02   4.630e-04   4.751e-03
  700    6150   -6.107672e-01   3.343e-08   2.825e-02   4.620e-04   4.808e-03
  701    6162   -6.107672e-01   3.377e-08   2.825e-02   4.612e-04   4.837e-03
  702    6174   -6.107672e-01   3.411e-08   2.825e-02   4.604e-04   4.818e-03
  703    6186   -6.107673e-01   3.443e-08   2.825e-02   4.597e-04   4.800e-03
  704    6198   -6.107673e-01   3.474e-08   2.825e-02   4.591e-04   4.781e-03
  705    6210   -6.107673e-01   3.504e-08   2.825e-02   4.586e-04   4.761e-03
  706    6222   -6.107673e-01   3.533e-08   2.825e-02   4.583e-04   4.742e-03
  707    6234   -6.107673e-01   3.561e-08   2.825e-02   4.582e-04   4.722e-03
  708    6246   -6.107673e-01   3.589e-08   2.825e-02   4.581e-04   4.703e-03
  709    6258   -6.107673e-01   3.615e-08   2.825e-02   4.582e-04   4.683e-03
  710    6270   -6.107673e-01   3.641e-08   2.825e-02   4.585e-04   4.663e-03
  711    6282   -6.107673e-01   3.667e-08   2.825e-02   4.589e-04   4.644e-03
  712    6294   -6.107674e-01   3.692e-08   2.825e-02   4.594e-04   4.624e-03
  713    6306   -6.107674e-01   3.717e-08   2.825e-02   4.601e-04   4.604e-03
  714    6318   -6.107674e-01   3.741e-08   2.825e-02   4.609e-04   4.585e-03
  715    6330   -6.107674e-01   3.764e-08   2.825e-02   4.618e-04   4.566e-03
  716    6342   -6.107674e-01   3.787e-08   2.825e-02   4.628e-04   4.546e-03
  717    6354   -6.107674e-01   3.810e-08   2.825e-02   4.640e-04   4.527e-03
  718    6366   -6.107674e-01   3.832e-08   2.825e-02   4.652e-04   4.508e-03
  719    6378   -6.107674e-01   3.854e-08   2.825e-02   4.666e-04   4.490e-03
  720    6390   -6.107674e-01   3.875e-08   2.825e-02   4.680e-04   4.471e-03

                                                          Norm of First-order
 Iter F-count            f(x) Feasibility  Steplength        step  optimality
  721    6402   -6.107675e-01   3.896e-08   2.825e-02   4.696e-04   4.453e-03
  722    6414   -6.107675e-01   3.917e-08   2.825e-02   4.712e-04   4.435e-03
  723    6426   -6.107675e-01   3.937e-08   2.825e-02   4.728e-04   4.417e-03
  724    6438   -6.107675e-01   3.957e-08   2.825e-02   4.746e-04   4.399e-03
  725    6450   -6.107675e-01   3.977e-08   2.825e-02   4.764e-04   4.382e-03
  726    6462   -6.107675e-01   4.024e-08   2.825e-02   4.783e-04   4.365e-03
  727    6474   -6.107675e-01   4.086e-08   2.825e-02   4.802e-04   4.348e-03
  728    6486   -6.107675e-01   4.149e-08   2.825e-02   4.821e-04   4.332e-03
  729    6498   -6.107675e-01   4.213e-08   2.825e-02   4.841e-04   4.316e-03
  730    6510   -6.107675e-01   4.278e-08   2.825e-02   4.862e-04   4.300e-03
  731    6522   -6.107676e-01   4.344e-08   2.825e-02   4.882e-04   4.284e-03
  732    6534   -6.107676e-01   4.412e-08   2.825e-02   4.903e-04   4.269e-03
  733    6546   -6.107676e-01   4.480e-08   2.825e-02   4.924e-04   4.254e-03
  734    6558   -6.107676e-01   4.550e-08   2.825e-02   4.946e-04   4.239e-03
  735    6570   -6.107676e-01   4.620e-08   2.825e-02   4.967e-04   4.225e-03
  736    6582   -6.107676e-01   4.692e-08   2.825e-02   4.989e-04   4.211e-03
  737    6594   -6.107676e-01   4.765e-08   2.825e-02   5.010e-04   4.197e-03
  738    6606   -6.107676e-01   4.838e-08   2.825e-02   5.032e-04   4.184e-03
  739    6618   -6.107677e-01   4.913e-08   2.825e-02   5.053e-04   4.171e-03
  740    6630   -6.107677e-01   4.989e-08   2.825e-02   5.075e-04   4.159e-03
  741    6642   -6.107677e-01   5.066e-08   2.825e-02   5.097e-04   4.147e-03
  742    6654   -6.107677e-01   5.144e-08   2.825e-02   5.118e-04   4.135e-03
  743    6666   -6.107677e-01   5.222e-08   2.825e-02   5.140e-04   4.124e-03
  744    6678   -6.107677e-01   5.302e-08   2.825e-02   5.161e-04   4.113e-03
  745    6690   -6.107677e-01   5.383e-08   2.825e-02   5.182e-04   4.103e-03
  746    6702   -6.107677e-01   5.465e-08   2.825e-02   5.203e-04   4.093e-03
  747    6714   -6.107677e-01   5.548e-08   2.825e-02   5.224e-04   4.084e-03
  748    6726   -6.107678e-01   5.632e-08   2.825e-02   5.244e-04   4.075e-03
  749    6738   -6.107678e-01   5.718e-08   2.825e-02   5.264e-04   4.067e-03
  750    6750   -6.107678e-01   5.804e-08   2.825e-02   5.284e-04   4.059e-03

                                                          Norm of First-order
 Iter F-count            f(x) Feasibility  Steplength        step  optimality
  751    6762   -6.107678e-01   5.891e-08   2.825e-02   5.304e-04   4.052e-03
  752    6774   -6.107678e-01   5.980e-08   2.825e-02   5.323e-04   4.045e-03
  753    6786   -6.107678e-01   6.069e-08   2.825e-02   5.342e-04   4.039e-03
  754    6798   -6.107678e-01   6.160e-08   2.825e-02   5.361e-04   4.033e-03
  755    6810   -6.107678e-01   6.252e-08   2.825e-02   5.379e-04   4.028e-03
  756    6822   -6.107679e-01   6.345e-08   2.825e-02   5.397e-04   4.024e-03
  757    6834   -6.107679e-01   6.440e-08   2.825e-02   5.414e-04   4.020e-03
  758    6846   -6.107679e-01   6.535e-08   2.825e-02   5.431e-04   4.017e-03
  759    6858   -6.107679e-01   6.632e-08   2.825e-02   5.448e-04   4.015e-03
  760    6870   -6.107679e-01   6.730e-08   2.825e-02   5.464e-04   4.013e-03
  761    6882   -6.107679e-01   6.829e-08   2.825e-02   5.479e-04   4.013e-03
  762    6894   -6.107679e-01   6.929e-08   2.825e-02   5.494e-04   4.012e-03
  763    6906   -6.107679e-01   7.030e-08   2.825e-02   5.508e-04   4.013e-03
  764    6918   -6.107680e-01   7.133e-08   2.825e-02   5.522e-04   4.015e-03
  765    6930   -6.107680e-01   7.236e-08   2.825e-02   5.535e-04   4.017e-03
  766    6942   -6.107680e-01   7.341e-08   2.825e-02   5.548e-04   4.020e-03
  767    6954   -6.107680e-01   7.447e-08   2.825e-02   5.559e-04   4.024e-03
  768    6966   -6.107680e-01   9.000e-08   1.977e-02   3.804e-04   4.013e-03
  769    6983   -6.107680e-01   9.019e-08   3.323e-03   6.445e-05   4.010e-03
  770    7000   -6.107680e-01   9.032e-08   3.323e-03   6.322e-05   4.007e-03
  771    7016   -6.107680e-01   9.074e-08   4.748e-03   9.052e-05   3.999e-03
  772    7033   -6.107680e-01   9.084e-08   3.323e-03   6.334e-05   3.992e-03
  773    7049   -6.107680e-01   9.120e-08   4.748e-03   9.036e-05   3.982e-03
  774    7065   -6.107680e-01   9.154e-08   4.748e-03   9.058e-05   3.971e-03
  775    7081   -6.107680e-01   9.187e-08   4.748e-03   9.073e-05   3.960e-03
  776    7097   -6.107680e-01   9.219e-08   4.748e-03   9.095e-05   3.948e-03
  777    7113   -6.107680e-01   9.252e-08   4.748e-03   9.119e-05   3.936e-03
  778    7129   -6.107680e-01   9.284e-08   4.748e-03   9.146e-05   3.923e-03
  779    7145   -6.107680e-01   9.317e-08   4.748e-03   9.176e-05   3.910e-03
  780    7161   -6.107680e-01   9.351e-08   4.748e-03   9.208e-05   3.898e-03

                                                          Norm of First-order
 Iter F-count            f(x) Feasibility  Steplength        step  optimality
  781    7177   -6.107680e-01   9.386e-08   4.748e-03   9.242e-05   3.885e-03
  782    7193   -6.107680e-01   9.421e-08   4.748e-03   9.277e-05   3.872e-03
  783    7209   -6.107680e-01   9.457e-08   4.748e-03   9.314e-05   3.858e-03
  784    7225   -6.107680e-01   9.495e-08   4.748e-03   9.351e-05   3.845e-03
  785    7241   -6.107680e-01   9.533e-08   4.748e-03   9.389e-05   3.832e-03
  786    7257   -6.107680e-01   9.573e-08   4.748e-03   9.428e-05   3.819e-03
  787    7273   -6.107680e-01   9.613e-08   4.748e-03   9.466e-05   3.806e-03
  788    7289   -6.107680e-01   9.655e-08   4.748e-03   9.506e-05   3.793e-03
  789    7305   -6.107680e-01   9.698e-08   4.748e-03   9.545e-05   3.780e-03
  790    7322   -6.107680e-01   9.710e-08   3.323e-03   6.709e-05   3.771e-03
  791    7339   -6.107681e-01   9.722e-08   3.323e-03   6.712e-05   3.762e-03
  792    7356   -6.107681e-01   9.734e-08   3.323e-03   6.728e-05   3.752e-03
  793    7373   -6.107681e-01   9.746e-08   3.323e-03   6.743e-05   3.743e-03
  794    7390   -6.107681e-01   9.759e-08   3.323e-03   6.761e-05   3.734e-03
  795    7408   -6.107681e-01   9.759e-08   2.326e-03   4.745e-05   3.727e-03
  796    7426   -6.107681e-01   9.758e-08   2.326e-03   4.745e-05   3.720e-03
  797    7444   -6.107681e-01   9.757e-08   2.326e-03   4.752e-05   3.713e-03
  798    7462   -6.107681e-01   9.757e-08   2.326e-03   4.759e-05   3.707e-03
  799    7480   -6.107681e-01   9.757e-08   2.326e-03   4.767e-05   3.700e-03
  800    7498   -6.107681e-01   9.756e-08   2.326e-03   4.776e-05   3.693e-03
  801    7516   -6.107681e-01   9.756e-08   2.326e-03   4.785e-05   3.686e-03
  802    7534   -6.107681e-01   9.756e-08   2.326e-03   4.794e-05   3.679e-03
  803    7552   -6.107681e-01   9.756e-08   2.326e-03   4.803e-05   3.672e-03
  804    7570   -6.107681e-01   9.757e-08   2.326e-03   4.813e-05   3.665e-03
  805    7589   -6.107681e-01   9.752e-08   1.628e-03   3.376e-05   3.661e-03
  806    7608   -6.107681e-01   9.748e-08   1.628e-03   3.376e-05   3.656e-03
  807    7627   -6.107681e-01   9.743e-08   1.628e-03   3.380e-05   3.651e-03
  808    7646   -6.107681e-01   9.738e-08   1.628e-03   3.383e-05   3.646e-03
  809    7665   -6.107681e-01   9.734e-08   1.628e-03   3.387e-05   3.641e-03
  810    7684   -6.107681e-01   9.730e-08   1.628e-03   3.392e-05   3.636e-03

                                                          Norm of First-order
 Iter F-count            f(x) Feasibility  Steplength        step  optimality
  811    7703   -6.107681e-01   9.725e-08   1.628e-03   3.396e-05   3.631e-03
  812    7722   -6.107681e-01   9.721e-08   1.628e-03   3.401e-05   3.626e-03
  813    7741   -6.107681e-01   9.716e-08   1.628e-03   3.406e-05   3.621e-03
  814    7760   -6.107681e-01   9.712e-08   1.628e-03   3.410e-05   3.616e-03
  815    7779   -6.107681e-01   9.708e-08   1.628e-03   3.415e-05   3.611e-03
  816    7798   -6.107681e-01   9.704e-08   1.628e-03   3.420e-05   3.606e-03
  817    7817   -6.107681e-01   9.700e-08   1.628e-03   3.425e-05   3.601e-03
  818    7836   -6.107681e-01   9.696e-08   1.628e-03   3.430e-05   3.596e-03
  819    7855   -6.107681e-01   9.692e-08   1.628e-03   3.435e-05   3.592e-03
  820    7874   -6.107681e-01   9.688e-08   1.628e-03   3.440e-05   3.587e-03
  821    7893   -6.107681e-01   9.684e-08   1.628e-03   3.445e-05   3.582e-03
  822    7912   -6.107681e-01   9.680e-08   1.628e-03   3.450e-05   3.577e-03
  823    7931   -6.107681e-01   9.676e-08   1.628e-03   3.455e-05   3.572e-03
  824    7950   -6.107681e-01   9.672e-08   1.628e-03   3.460e-05   3.567e-03
  825    7969   -6.107681e-01   9.668e-08   1.628e-03   3.465e-05   3.562e-03
  826    7988   -6.107681e-01   9.664e-08   1.628e-03   3.470e-05   3.557e-03
  827    8007   -6.107681e-01   9.661e-08   1.628e-03   3.475e-05   3.552e-03
  828    8026   -6.107681e-01   9.657e-08   1.628e-03   3.480e-05   3.547e-03
  829    8046   -6.107681e-01   9.652e-08   1.140e-03   2.440e-05   3.544e-03
  830    8066   -6.107681e-01   9.647e-08   1.140e-03   2.439e-05   3.540e-03
  831    8086   -6.107681e-01   9.642e-08   1.140e-03   2.441e-05   3.537e-03
  832    8106   -6.107681e-01   9.637e-08   1.140e-03   2.443e-05   3.534e-03
  833    8126   -6.107681e-01   9.632e-08   1.140e-03   2.445e-05   3.530e-03
  834    8146   -6.107681e-01   9.627e-08   1.140e-03   2.447e-05   3.527e-03
  835    8166   -6.107681e-01   9.621e-08   1.140e-03   2.449e-05   3.523e-03
  836    8186   -6.107681e-01   9.616e-08   1.140e-03   2.452e-05   3.520e-03
  837    8206   -6.107681e-01   9.611e-08   1.140e-03   2.454e-05   3.516e-03
  838    8226   -6.107681e-01   9.606e-08   1.140e-03   2.456e-05   3.513e-03
  839    8246   -6.107681e-01   9.601e-08   1.140e-03   2.459e-05   3.509e-03
  840    8266   -6.107681e-01   9.596e-08   1.140e-03   2.461e-05   3.506e-03

                                                          Norm of First-order
 Iter F-count            f(x) Feasibility  Steplength        step  optimality
  841    8286   -6.107681e-01   9.591e-08   1.140e-03   2.464e-05   3.502e-03
  842    8306   -6.107681e-01   9.586e-08   1.140e-03   2.466e-05   3.499e-03
  843    8326   -6.107681e-01   9.581e-08   1.140e-03   2.469e-05   3.495e-03
  844    8346   -6.107681e-01   9.576e-08   1.140e-03   2.471e-05   3.492e-03
  845    8366   -6.107681e-01   9.571e-08   1.140e-03   2.474e-05   3.488e-03
  846    8386   -6.107681e-01   9.566e-08   1.140e-03   2.476e-05   3.485e-03
  847    8406   -6.107681e-01   9.561e-08   1.140e-03   2.479e-05   3.482e-03
  848    8426   -6.107681e-01   9.556e-08   1.140e-03   2.481e-05   3.478e-03
  849    8446   -6.107681e-01   9.551e-08   1.140e-03   2.484e-05   3.475e-03
  850    8466   -6.107681e-01   9.546e-08   1.140e-03   2.487e-05   3.471e-03
  851    8486   -6.107681e-01   9.542e-08   1.140e-03   2.489e-05   3.468e-03
  852    8506   -6.107681e-01   9.537e-08   1.140e-03   2.492e-05   3.464e-03
  853    8526   -6.107681e-01   9.532e-08   1.140e-03   2.494e-05   3.461e-03
  854    8546   -6.107681e-01   9.527e-08   1.140e-03   2.497e-05   3.457e-03
  855    8566   -6.107681e-01   9.522e-08   1.140e-03   2.499e-05   3.454e-03
  856    8586   -6.107681e-01   9.517e-08   1.140e-03   2.502e-05   3.451e-03
  857    8606   -6.107681e-01   9.512e-08   1.140e-03   2.504e-05   3.447e-03
  858    8626   -6.107681e-01   9.507e-08   1.140e-03   2.507e-05   3.444e-03
  859    8646   -6.107681e-01   9.503e-08   1.140e-03   2.510e-05   3.440e-03
  860    8666   -6.107681e-01   9.498e-08   1.140e-03   2.512e-05   3.437e-03
  861    8686   -6.107681e-01   9.493e-08   1.140e-03   2.515e-05   3.434e-03
  862    8706   -6.107681e-01   9.488e-08   1.140e-03   2.517e-05   3.430e-03
  863    8726   -6.107681e-01   9.483e-08   1.140e-03   2.520e-05   3.427e-03
  864    8746   -6.107681e-01   9.478e-08   1.140e-03   2.522e-05   3.423e-03
  865    8766   -6.107681e-01   9.474e-08   1.140e-03   2.525e-05   3.420e-03
  866    8786   -6.107681e-01   9.469e-08   1.140e-03   2.528e-05   3.417e-03
  867    8806   -6.107681e-01   9.464e-08   1.140e-03   2.530e-05   3.413e-03
  868    8826   -6.107681e-01   9.459e-08   1.140e-03   2.533e-05   3.410e-03
  869    8846   -6.107681e-01   9.454e-08   1.140e-03   2.535e-05   3.406e-03
  870    8866   -6.107681e-01   9.450e-08   1.140e-03   2.538e-05   3.403e-03

                                                          Norm of First-order
 Iter F-count            f(x) Feasibility  Steplength        step  optimality
  871    8886   -6.107681e-01   9.445e-08   1.140e-03   2.540e-05   3.400e-03
  872    8906   -6.107681e-01   9.440e-08   1.140e-03   2.543e-05   3.396e-03
  873    8926   -6.107681e-01   9.435e-08   1.140e-03   2.546e-05   3.393e-03
  874    8946   -6.107681e-01   9.431e-08   1.140e-03   2.548e-05   3.390e-03
  875    8966   -6.107681e-01   9.426e-08   1.140e-03   2.551e-05   3.386e-03
  876    8986   -6.107681e-01   9.421e-08   1.140e-03   2.553e-05   3.383e-03
  877    9006   -6.107681e-01   9.417e-08   1.140e-03   2.556e-05   3.380e-03
  878    9026   -6.107681e-01   9.412e-08   1.140e-03   2.559e-05   3.376e-03
  879    9046   -6.107681e-01   9.407e-08   1.140e-03   2.561e-05   3.373e-03
  880    9066   -6.107681e-01   9.402e-08   1.140e-03   2.564e-05   3.370e-03
  881    9086   -6.107681e-01   9.398e-08   1.140e-03   2.566e-05   3.366e-03
  882    9106   -6.107681e-01   9.393e-08   1.140e-03   2.569e-05   3.363e-03
  883    9126   -6.107681e-01   9.388e-08   1.140e-03   2.572e-05   3.360e-03
  884    9146   -6.107681e-01   9.384e-08   1.140e-03   2.574e-05   3.356e-03
  885    9166   -6.107681e-01   9.379e-08   1.140e-03   2.577e-05   3.353e-03
  886    9186   -6.107681e-01   9.374e-08   1.140e-03   2.580e-05   3.350e-03
  887    9206   -6.107681e-01   9.370e-08   1.140e-03   2.582e-05   3.346e-03
  888    9226   -6.107681e-01   9.365e-08   1.140e-03   2.585e-05   3.343e-03
  889    9246   -6.107681e-01   9.360e-08   1.140e-03   2.587e-05   3.340e-03
  890    9266   -6.107681e-01   9.356e-08   1.140e-03   2.590e-05   3.336e-03
  891    9286   -6.107681e-01   9.351e-08   1.140e-03   2.593e-05   3.333e-03
  892    9306   -6.107681e-01   9.347e-08   1.140e-03   2.595e-05   3.330e-03
  893    9326   -6.107681e-01   9.342e-08   1.140e-03   2.598e-05   3.327e-03
  894    9346   -6.107681e-01   9.337e-08   1.140e-03   2.601e-05   3.323e-03
  895    9366   -6.107681e-01   9.333e-08   1.140e-03   2.603e-05   3.320e-03
  896    9386   -6.107681e-01   9.328e-08   1.140e-03   2.606e-05   3.317e-03
  897    9406   -6.107681e-01   9.324e-08   1.140e-03   2.608e-05   3.313e-03
  898    9426   -6.107681e-01   9.319e-08   1.140e-03   2.611e-05   3.310e-03
  899    9446   -6.107681e-01   9.315e-08   1.140e-03   2.614e-05   3.307e-03
  900    9466   -6.107681e-01   9.310e-08   1.140e-03   2.616e-05   3.304e-03

                                                          Norm of First-order
 Iter F-count            f(x) Feasibility  Steplength        step  optimality
  901    9486   -6.107681e-01   9.305e-08   1.140e-03   2.619e-05   3.300e-03
  902    9506   -6.107681e-01   9.301e-08   1.140e-03   2.622e-05   3.297e-03
  903    9526   -6.107681e-01   9.296e-08   1.140e-03   2.624e-05   3.294e-03
  904    9546   -6.107681e-01   9.292e-08   1.140e-03   2.627e-05   3.291e-03
  905    9566   -6.107681e-01   9.287e-08   1.140e-03   2.629e-05   3.287e-03
  906    9586   -6.107681e-01   9.283e-08   1.140e-03   2.632e-05   3.284e-03
  907    9606   -6.107681e-01   9.278e-08   1.140e-03   2.635e-05   3.281e-03
  908    9626   -6.107681e-01   9.274e-08   1.140e-03   2.637e-05   3.278e-03
  909    9646   -6.107681e-01   9.269e-08   1.140e-03   2.640e-05   3.275e-03
  910    9666   -6.107681e-01   9.265e-08   1.140e-03   2.643e-05   3.271e-03
  911    9686   -6.107681e-01   9.260e-08   1.140e-03   2.645e-05   3.268e-03
  912    9706   -6.107681e-01   9.256e-08   1.140e-03   2.648e-05   3.265e-03
  913    9726   -6.107681e-01   9.251e-08   1.140e-03   2.651e-05   3.262e-03
  914    9746   -6.107681e-01   9.247e-08   1.140e-03   2.653e-05   3.259e-03
  915    9766   -6.107681e-01   9.242e-08   1.140e-03   2.656e-05   3.255e-03
  916    9786   -6.107682e-01   9.238e-08   1.140e-03   2.659e-05   3.252e-03
  917    9806   -6.107682e-01   9.233e-08   1.140e-03   2.661e-05   3.249e-03
  918    9826   -6.107682e-01   9.229e-08   1.140e-03   2.664e-05   3.246e-03
  919    9846   -6.107682e-01   9.225e-08   1.140e-03   2.667e-05   3.243e-03
  920    9866   -6.107682e-01   9.220e-08   1.140e-03   2.669e-05   3.239e-03
  921    9886   -6.107682e-01   9.216e-08   1.140e-03   2.672e-05   3.236e-03
  922    9906   -6.107682e-01   9.211e-08   1.140e-03   2.675e-05   3.233e-03
  923    9926   -6.107682e-01   9.207e-08   1.140e-03   2.677e-05   3.230e-03
  924    9946   -6.107682e-01   9.203e-08   1.140e-03   2.680e-05   3.227e-03
  925    9966   -6.107682e-01   9.198e-08   1.140e-03   2.683e-05   3.224e-03
  926    9986   -6.107682e-01   9.194e-08   1.140e-03   2.685e-05   3.220e-03
  927   10006   -6.107682e-01   9.189e-08   1.140e-03   2.688e-05   3.217e-03
  928   10026   -6.107682e-01   9.185e-08   1.140e-03   2.691e-05   3.214e-03
  929   10046   -6.107682e-01   9.181e-08   1.140e-03   2.693e-05   3.211e-03
  930   10066   -6.107682e-01   9.176e-08   1.140e-03   2.696e-05   3.208e-03

                                                          Norm of First-order
 Iter F-count            f(x) Feasibility  Steplength        step  optimality
  931   10086   -6.107682e-01   9.172e-08   1.140e-03   2.699e-05   3.205e-03
  932   10106   -6.107682e-01   9.168e-08   1.140e-03   2.701e-05   3.202e-03
  933   10126   -6.107682e-01   9.163e-08   1.140e-03   2.704e-05   3.199e-03
  934   10146   -6.107682e-01   9.159e-08   1.140e-03   2.707e-05   3.195e-03
  935   10166   -6.107682e-01   9.155e-08   1.140e-03   2.709e-05   3.192e-03
  936   10186   -6.107682e-01   9.150e-08   1.140e-03   2.712e-05   3.189e-03
  937   10206   -6.107682e-01   9.146e-08   1.140e-03   2.715e-05   3.186e-03
  938   10226   -6.107682e-01   9.142e-08   1.140e-03   2.717e-05   3.183e-03
  939   10246   -6.107682e-01   9.137e-08   1.140e-03   2.720e-05   3.180e-03
  940   10266   -6.107682e-01   9.133e-08   1.140e-03   2.723e-05   3.177e-03
  941   10286   -6.107682e-01   9.129e-08   1.140e-03   2.725e-05   3.174e-03
  942   10306   -6.107682e-01   9.125e-08   1.140e-03   2.728e-05   3.171e-03
  943   10326   -6.107682e-01   9.120e-08   1.140e-03   2.731e-05   3.168e-03
  944   10346   -6.107682e-01   9.116e-08   1.140e-03   2.733e-05   3.165e-03
  945   10366   -6.107682e-01   9.112e-08   1.140e-03   2.736e-05   3.161e-03
  946   10386   -6.107682e-01   9.108e-08   1.140e-03   2.739e-05   3.158e-03
  947   10406   -6.107682e-01   9.103e-08   1.140e-03   2.741e-05   3.155e-03
  948   10426   -6.107682e-01   9.099e-08   1.140e-03   2.744e-05   3.152e-03
  949   10446   -6.107682e-01   9.095e-08   1.140e-03   2.747e-05   3.149e-03
  950   10466   -6.107682e-01   9.091e-08   1.140e-03   2.749e-05   3.146e-03
  951   10486   -6.107682e-01   9.087e-08   1.140e-03   2.752e-05   3.143e-03
  952   10506   -6.107682e-01   9.082e-08   1.140e-03   2.755e-05   3.140e-03
  953   10526   -6.107682e-01   9.078e-08   1.140e-03   2.757e-05   3.137e-03
  954   10546   -6.107682e-01   9.074e-08   1.140e-03   2.760e-05   3.134e-03
  955   10566   -6.107682e-01   9.070e-08   1.140e-03   2.763e-05   3.131e-03
  956   10586   -6.107682e-01   9.066e-08   1.140e-03   2.766e-05   3.128e-03
  957   10606   -6.107682e-01   9.062e-08   1.140e-03   2.768e-05   3.125e-03
  958   10626   -6.107682e-01   9.057e-08   1.140e-03   2.771e-05   3.122e-03
  959   10646   -6.107682e-01   9.053e-08   1.140e-03   2.774e-05   3.119e-03
  960   10666   -6.107682e-01   9.049e-08   1.140e-03   2.776e-05   3.116e-03

                                                          Norm of First-order
 Iter F-count            f(x) Feasibility  Steplength        step  optimality
  961   10686   -6.107682e-01   9.045e-08   1.140e-03   2.779e-05   3.113e-03
  962   10706   -6.107682e-01   9.041e-08   1.140e-03   2.782e-05   3.110e-03
  963   10726   -6.107682e-01   9.037e-08   1.140e-03   2.784e-05   3.107e-03
  964   10746   -6.107682e-01   9.033e-08   1.140e-03   2.787e-05   3.104e-03
  965   10766   -6.107682e-01   9.029e-08   1.140e-03   2.790e-05   3.101e-03
  966   10786   -6.107682e-01   9.025e-08   1.140e-03   2.792e-05   3.098e-03
  967   10806   -6.107682e-01   9.020e-08   1.140e-03   2.795e-05   3.095e-03
  968   10826   -6.107682e-01   9.016e-08   1.140e-03   2.798e-05   3.092e-03
  969   10846   -6.107682e-01   9.012e-08   1.140e-03   2.800e-05   3.089e-03
  970   10866   -6.107682e-01   9.008e-08   1.140e-03   2.803e-05   3.086e-03
  971   10886   -6.107682e-01   9.004e-08   1.140e-03   2.806e-05   3.083e-03
  972   10906   -6.107682e-01   9.000e-08   1.140e-03   2.809e-05   3.080e-03
  973   10926   -6.107682e-01   8.996e-08   1.140e-03   2.811e-05   3.077e-03
  974   10946   -6.107682e-01   8.992e-08   1.140e-03   2.814e-05   3.074e-03
  975   10966   -6.107682e-01   8.988e-08   1.140e-03   2.817e-05   3.071e-03
  976   10986   -6.107682e-01   8.984e-08   1.140e-03   2.819e-05   3.068e-03
  977   11006   -6.107682e-01   8.980e-08   1.140e-03   2.822e-05   3.065e-03
  978   11026   -6.107682e-01   8.976e-08   1.140e-03   2.825e-05   3.063e-03
  979   11046   -6.107682e-01   8.972e-08   1.140e-03   2.827e-05   3.060e-03
  980   11066   -6.107682e-01   8.968e-08   1.140e-03   2.830e-05   3.057e-03
  981   11086   -6.107682e-01   8.964e-08   1.140e-03   2.833e-05   3.054e-03
  982   11106   -6.107682e-01   8.960e-08   1.140e-03   2.836e-05   3.051e-03
  983   11126   -6.107682e-01   8.957e-08   1.140e-03   2.838e-05   3.048e-03
  984   11146   -6.107682e-01   8.953e-08   1.140e-03   2.841e-05   3.045e-03
  985   11166   -6.107682e-01   8.949e-08   1.140e-03   2.844e-05   3.042e-03
  986   11186   -6.107682e-01   8.945e-08   1.140e-03   2.846e-05   3.039e-03
  987   11206   -6.107682e-01   8.941e-08   1.140e-03   2.849e-05   3.036e-03
  988   11226   -6.107682e-01   8.937e-08   1.140e-03   2.852e-05   3.033e-03
  989   11246   -6.107682e-01   8.933e-08   1.140e-03   2.854e-05   3.031e-03
  990   11266   -6.107682e-01   8.929e-08   1.140e-03   2.857e-05   3.028e-03

                                                          Norm of First-order
 Iter F-count            f(x) Feasibility  Steplength        step  optimality
  991   11286   -6.107682e-01   8.925e-08   1.140e-03   2.860e-05   3.025e-03
  992   11306   -6.107682e-01   8.921e-08   1.140e-03   2.863e-05   3.022e-03
  993   11326   -6.107682e-01   8.918e-08   1.140e-03   2.865e-05   3.019e-03
  994   11346   -6.107682e-01   8.914e-08   1.140e-03   2.868e-05   3.016e-03
  995   11366   -6.107682e-01   8.910e-08   1.140e-03   2.871e-05   3.013e-03
  996   11386   -6.107682e-01   8.906e-08   1.140e-03   2.873e-05   3.010e-03
  997   11406   -6.107682e-01   8.902e-08   1.140e-03   2.876e-05   3.008e-03
  998   11426   -6.107682e-01   8.899e-08   1.140e-03   2.879e-05   3.005e-03
  999   11447   -6.107682e-01   8.895e-08   7.979e-04   2.017e-05   3.003e-03
 1000   11468   -6.107682e-01   8.891e-08   7.979e-04   2.016e-05   3.001e-03

Solver stopped prematurely.

fmincon stopped because it exceeded the iteration limit,
options.MaxIter = 1000 (the selected value).


optimout = 

        nlpx: [60x1 double]
        fval: -0.6108
    exitflag: 0
      output: [1x1 struct]
      lambda: [1x1 struct]
        grad: [60x1 double]
     hessian: [60x60 double]
           t: [16x1 double]
           u: [16x1 double]
           p: []


optimparam = 

     optvar: 3
    objtype: []
      ncolx: 5
      ncolu: 2
         li: [4x1 double]
         tf: 1
         ui: [7.3500 7.3500 7.3500 7.3500]
        par: []
        bdu: [6.2813 8.3894]
        bdx: [2x2 double]
        bdp: []
     objfun: @objfun
     confun: []
    process: @process
    options: [1x1 struct]
        bdt: [1.0000e-03 1]
         ni: 4
         nu: 1
         nx: 2
         np: 0
        tau: [7x1 double]
        lfx: [7x6 double]
       dlfx: [7x6 double]
        lfu: [7x2 double]
          M: [2x2 double]
     dt_col: 4
     du_col: 8
     dx_col: 48
     dp_col: 0

diary off
